type	latitude	longitude	altitude (ft)	vmg (mph)	course	slope (%)	distance (mi)	distance_interval (ft)	color	opacity	width	scale	sym	name	desc	kml_folder
T	42.841582000	-108.745865000	5356.2				0.000		#f57c00	1.00	2.55			EL. Lander Loop		Optional Loops
T	42.841637000	-108.745707000	5357.7		64.6	3.2	0.009	46.88								
T	42.841901000	-108.745868000	5354.3		335.9	-3.2	0.029	105.46								
T	42.841938000	-108.745893000	5354.3		333.6	0.0	0.032	15.06								
T	42.842950000	-108.746580000	5358.9		333.5	1.1	0.110	412.30								
T	42.844027000	-108.747311000	5355.4		333.5	-0.8	0.193	438.77								
T	42.847699000	-108.749802000	5349.6		333.6	-0.4	0.476	1495.80								
T	42.848800000	-108.750528000	5354.3		334.2	1.1	0.561	446.02								
T	42.849700000	-108.751122000	5361.3		334.2	1.9	0.630	364.65								
T	42.850547000	-108.751856000	5377.4		327.6	4.4	0.699	366.12								
T	42.850989000	-108.752306000	5374.9		323.3	-1.3	0.737	201.28								
T	42.851660000	-108.753128000	5383.8		318.1	2.7	0.800	329.24								
T	42.852256000	-108.754090000	5387.9		310.2	1.2	0.863	337.25								
T	42.852668000	-108.754866000	5394.7		305.9	2.6	0.912	256.62								
T	42.853376000	-108.756561000	5400.5		299.7	1.1	1.011	522.67								
T	42.854178000	-108.758396000	5419.2		300.8	3.3	1.119	572.34								
T	42.854870000	-108.760069000	5429.6		299.4	2.0	1.217	514.66								
T	42.855146000	-108.760697000	5439.7		300.9	5.2	1.254	196.16								
T	42.856882000	-108.764788000	5468.2		300.1	2.2	1.494	1266.38								
T	42.859154000	-108.770096000	5525.5		300.3	3.5	1.806	1646.64								
T	42.859608000	-108.771060000	5547.0		302.7	7.0	1.864	306.91								
T	42.860006000	-108.771759000	5564.3		307.8	7.3	1.909	237.00								
T	42.860592000	-108.772595000	5571.7		313.7	2.4	1.967	309.61								
T	42.861161000	-108.773254000	5587.3		319.7	5.7	2.019	272.45								
T	42.861818000	-108.773897000	5602.2		324.3	5.0	2.075	295.06								
T	42.862293000	-108.774307000	5604.1		327.7	0.9	2.114	205.08								
T	42.864066000	-108.775836000	5575.3		327.7	-3.8	2.259	765.27								
T	42.866043000	-108.777578000	5538.9		327.1	-4.2	2.421	858.68								
T	42.866455000	-108.777921000	5520.8		328.6	-10.3	2.455	176.08								
T	42.867249000	-108.778570000	5534.5		329.1	4.0	2.519	337.67								
T	42.868079000	-108.779197000	5525.2		331.0	-2.7	2.584	346.08								
T	42.869469000	-108.780132000	5526.4		333.8	0.2	2.691	565.23								
T	42.873498000	-108.782677000	5524.2		335.2	-0.1	2.998	1619.20								
T	42.874983000	-108.783592000	5540.5		335.7	2.7	3.110	594.22								
T	42.875771000	-108.784093000	5536.6		335.0	-1.2	3.170	317.05								
T	42.876480000	-108.784543000	5535.7		335.1	-0.3	3.224	285.18								
T	42.878373000	-108.785715000	5508.5		335.6	-3.6	3.368	758.10								
T	42.880955000	-108.787341000	5503.8		335.2	-0.5	3.564	1037.09								
T	42.882498000	-108.788300000	5511.8		335.5	1.3	3.682	618.34								
T	42.882915000	-108.788571000	5509.9		334.5	-1.1	3.713	168.45								
T	42.884780000	-108.789738000	5521.0		335.4	1.5	3.855	748.25								
T	42.885399000	-108.790142000	5523.8		334.4	1.1	3.903	250.25								
T	42.888143000	-108.791834000	5554.1		335.7	2.8	4.111	1098.11								
T	42.888379000	-108.791992000	5557.3		333.9	3.3	4.129	95.87								
T	42.890112000	-108.793053000	5572.2		335.8	2.2	4.260	692.68								
T	42.891957000	-108.794216000	5589.8		335.2	2.4	4.400	741.17								
T	42.892236000	-108.794369000	5587.1		338.1	-2.5	4.421	109.64								
T	42.892973000	-108.794695000	5586.0		342.0	-0.4	4.475	282.46								
T	42.893580000	-108.794848000	5595.0		349.5	4.0	4.517	225.00								
T	42.894155000	-108.794903000	5596.9		356.0	0.9	4.557	210.09								
T	42.896080000	-108.794907000	5603.6		359.9	0.9	4.690	701.61								
T	42.896295000	-108.794909000	5605.8		359.6	2.9	4.705	78.36								
T	42.897464000	-108.794907000	5599.9		0.1	-1.4	4.785	426.07								
T	42.899209000	-108.794896000	5604.0		0.3	0.6	4.906	636.01								
T	42.899387000	-108.794898000	5605.3		359.5	2.1	4.918	64.88								
T	42.899555000	-108.794900000	5607.6		359.5	3.6	4.930	61.23								
T	42.900790000	-108.794902000	5607.1		359.9	-0.1	5.015	450.12								
T	42.901910000	-108.794896000	5608.3		0.2	0.3	5.092	408.21								
T	42.903326000	-108.794901000	5603.7		359.9	-0.9	5.190	516.09								
T	42.906181000	-108.794898000	5604.2		0.0	0.1	5.387	1040.57								
T	42.908599000	-108.794887000	5584.5		0.2	-2.2	5.554	881.30								
T	42.910259000	-108.794888000	5585.9		360.0	0.2	5.669	605.02								
T	42.910922000	-108.794872000	5581.2		1.0	-2.0	5.714	241.68								
T	42.917029000	-108.794875000	5573.7		360.0	-0.3	6.136	2225.83								
T	42.920881000	-108.794872000	5560.5		0.0	-0.9	6.402	1403.95								
T	42.928070000	-108.794860000	5544.4		0.1	-0.6	6.898	2620.20								
T	42.938178000	-108.794902000	5502.9		359.8	-1.1	7.596	3684.11								
T	42.939048000	-108.794934000	5503.8		358.5	0.3	7.656	317.21								
T	42.939563000	-108.795010000	5505.2		353.8	0.7	7.692	188.80								
T	42.940055000	-108.795149000	5500.7		348.3	-2.4	7.726	183.14								
T	42.940593000	-108.795379000	5497.8		342.6	-1.4	7.765	205.53								
T	42.941067000	-108.795641000	5492.1		338.0	-3.0	7.801	186.46								
T	42.941146000	-108.795697000	5492.5		332.6	1.3	7.807	32.46								
T	42.941434000	-108.795900000	5495.5		332.7	2.5	7.829	118.21								
T	42.941667000	-108.796106000	5498.6		327.1	3.1	7.848	101.27								
T	42.942045000	-108.796472000	5499.9		324.7	0.8	7.880	169.07								
T	42.942574000	-108.797160000	5494.9		316.4	-1.9	7.931	266.67								
T	42.944544000	-108.800033000	5489.9		313.1	-0.5	8.130	1052.31								
T	42.948131000	-108.805260000	5508.5		313.2	1.0	8.493	1915.20								
T	42.951398000	-108.810049000	5515.3		313.0	0.4	8.824	1749.83								
T	42.953405000	-108.813006000	5509.8		312.8	-0.5	9.028	1077.89								
T	42.955309000	-108.815783000	5518.3		313.1	0.8	9.221	1017.01								
T	42.958050000	-108.819814000	5531.5		312.9	0.9	9.500	1470.58								
T	42.958829000	-108.820983000	5542.7		312.3	2.7	9.580	422.55								
T	42.958932000	-108.821137000	5544.7		312.4	3.5	9.590	55.76								
T	42.959781000	-108.822509000	5548.7		310.2	0.8	9.681	480.26								
T	42.961140000	-108.825001000	5548.6		306.7	-0.0	9.838	830.88								
T	42.962268000	-108.827282000	5554.7		304.0	0.8	9.978	736.11								
T	42.962803000	-108.828458000	5552.1		301.9	-0.7	10.048	370.30								
T	42.963143000	-108.829353000	5554.3		297.4	0.8	10.099	269.73								
T	42.963373000	-108.830100000	5562.0		292.8	3.5	10.140	216.82								
T	42.963597000	-108.831097000	5557.7		287.1	-1.5	10.193	279.09								
T	42.965281000	-108.839991000	5570.7		284.5	0.5	10.659	2458.57								
T	42.966037000	-108.843999000	5583.3		284.5	1.1	10.868	1107.65								
T	42.966930000	-108.848728000	5605.4		284.5	1.7	11.116	1306.98								
T	42.967500000	-108.851729000	5589.1		284.6	-2.0	11.273	829.69								
T	42.967736000	-108.852909000	5590.8		285.3	0.5	11.335	327.35								
T	42.967931000	-108.853702000	5580.4		288.6	-4.7	11.377	223.84								
T	42.968014000	-108.854000000	5579.5		290.8	-1.0	11.394	85.31								
T	42.968482000	-108.855293000	5577.5		296.3	-0.5	11.467	385.84								
T	42.969009000	-108.856383000	5579.2		303.5	0.5	11.533	349.30								
T	42.969684000	-108.857446000	5576.8		311.0	-0.6	11.604	376.13								
T	42.970391000	-108.858278000	5567.3		319.3	-2.8	11.669	340.57								
T	42.971143000	-108.859008000	5560.6		324.6	-2.0	11.732	336.60								
T	42.972291000	-108.859823000	5564.3		332.6	0.8	11.822	471.86								
T	42.975460000	-108.861935000	5573.0		334.0	0.7	12.065	1285.92								
T	42.978507000	-108.863960000	5547.4		334.1	-2.1	12.299	1235.73								
T	42.981959000	-108.866251000	5547.8		334.1	0.0	12.564	1399.60								
T	42.982220000	-108.866424000	5547.9		334.1	0.1	12.584	105.80								
T	42.983638000	-108.867368000	5543.5		334.0	-0.8	12.693	575.26								
T	42.987559000	-108.869955000	5562.4		334.2	1.2	12.994	1587.94								
T	42.991291000	-108.872442000	5556.5		334.0	-0.4	13.281	1514.28								
T	42.991549000	-108.872614000	5554.5		334.0	-2.0	13.301	104.69								
T	42.993363000	-108.868463000	5547.4		59.1	-0.5	13.546	1292.52								
T	42.995791000	-108.863123000	5534.9		58.1	-0.7	13.864	1680.57								
T	42.996437000	-108.861620000	5532.0		59.6	-0.6	13.952	465.97								
T	42.996837000	-108.860703000	5527.6		59.2	-1.5	14.006	285.38								
T	42.997100000	-108.859950000	5526.4		64.5	-0.6	14.048	223.10								
T	42.997259000	-108.859338000	5521.5		70.4	-2.8	14.081	173.68								
T	42.997368000	-108.858781000	5520.6		75.0	-0.6	14.110	154.22								
T	42.997534000	-108.857387000	5518.5		80.8	-0.5	14.182	377.82								
T	42.997612000	-108.856644000	5526.5		81.8	4.0	14.220	200.80								
T	42.997735000	-108.855548000	5521.0		81.3	-1.9	14.276	296.62								
T	42.997821000	-108.855075000	5516.3		76.0	-3.6	14.301	130.37								
T	42.997954000	-108.854435000	5518.3		74.1	1.2	14.335	177.95								
T	42.998168000	-108.853746000	5520.7		67.0	1.2	14.373	200.15								
T	42.998537000	-108.852864000	5513.8		60.2	-2.5	14.424	271.60								
T	42.998925000	-108.852091000	5502.4		55.5	-4.6	14.471	250.53								
T	43.000016000	-108.849867000	5502.0		56.1	-0.1	14.607	715.62								
T	43.000275000	-108.849362000	5502.0		55.0	0.0	14.638	164.81								
T	43.000367000	-108.849181000	5502.0		55.2	-0.0	14.649	58.90								
T	43.002435000	-108.844915000	5492.1		56.5	-0.7	14.908	1367.67								
T	43.007585000	-108.834401000	5477.6		56.2	-0.4	15.549	3381.35								
T	43.014002000	-108.821280000	5446.6		56.2	-0.7	16.348	4217.49								
T	43.014102000	-108.821042000	5441.5		60.1	-7.0	16.361	73.35								
T	43.014208000	-108.820812000	5439.7		57.8	-2.6	16.375	72.64								
T	43.014303000	-108.820629000	5440.8		54.6	1.9	16.387	59.95								
T	43.014908000	-108.819391000	5442.2		56.2	0.4	16.462	397.82								
T	43.017416000	-108.814292000	5432.0		56.1	-0.6	16.773	1641.76								
T	43.021889000	-108.805043000	5406.4		56.5	-0.9	17.334	2962.48								
T	43.022127000	-108.804538000	5410.8		57.2	2.7	17.364	160.51								
T	43.023399000	-108.801962000	5404.1		56.0	-0.8	17.522	830.36								
T	43.024482000	-108.799802000	5401.8		55.6	-0.3	17.654	699.62								
T	43.024803000	-108.799044000	5387.1		59.9	-6.3	17.698	234.04								
T	43.025088000	-108.798289000	5392.9		62.7	2.5	17.741	227.05								
T	43.025305000	-108.797609000	5395.2		66.4	1.2	17.779	198.30								
T	43.025582000	-108.796524000	5388.6		70.7	-2.2	17.837	307.21								
T	43.025769000	-108.795472000	5390.6		76.3	0.7	17.892	289.46								
T	43.025871000	-108.794676000	5393.8		80.1	1.4	17.933	216.08								
T	43.025911000	-108.794232000	5396.4		83.0	2.2	17.956	119.62								
T	43.025931000	-108.793841000	5397.9		86.0	1.4	17.975	104.81								
T	43.025936000	-108.793487000	5396.4		88.9	-1.6	17.993	94.68								
T	43.025950000	-108.791992000	5390.4		89.3	-1.5	18.069	399.81								
T	43.025945000	-108.789611000	5384.6		90.2	-0.9	18.190	636.71								
T	43.025951000	-108.787096000	5379.2		89.8	-0.8	18.317	672.54								
T	43.025945000	-108.779974000	5371.9		90.1	-0.4	18.678	1904.50								
T	43.025943000	-108.779914000	5371.6		92.6	-1.9	18.681	16.06								
T	43.025946000	-108.779554000	5369.6		89.3	-2.2	18.699	96.27								
T	43.025952000	-108.775567000	5367.9		89.9	-0.2	18.901	1066.17								
T	43.025953000	-108.774989000	5362.7		89.9	-3.4	18.930	154.56								
T	43.024957000	-108.774995000	5364.7		180.3	0.5	18.999	363.02								
T	43.023564000	-108.774987000	5364.3		179.8	-0.1	19.095	507.72								
T	43.018762000	-108.774994000	5362.4		180.1	-0.1	19.427	1750.23								
T	43.017703000	-108.774999000	5360.9		180.2	-0.4	19.500	385.99								
T	43.016183000	-108.775014000	5367.6		180.4	1.2	19.605	554.02								
T	43.015184000	-108.775029000	5384.7		180.6	4.7	19.674	364.14								
T	43.013757000	-108.775005000	5403.4		179.3	3.6	19.772	520.15								
T	43.010962000	-108.774988000	5441.4		179.7	3.7	19.965	1018.73								
T	43.010828000	-108.774991000	5446.0		180.9	9.5	19.974	48.85								
T	43.010566000	-108.774990000	5448.9		179.8	3.0	19.992	95.49								
T	43.009721000	-108.774985000	5452.6		179.8	1.2	20.051	307.99								
T	43.007840000	-108.775066000	5471.8		181.8	2.8	20.181	685.93								
T	43.006083000	-108.775045000	5492.2		179.5	3.2	20.302	640.41								
T	43.005556000	-108.775030000	5492.5		178.8	0.2	20.338	192.12								
T	43.005555665	-108.775069612	5492.9		269.3	4.4	20.340	10.60								
T	43.005285902	-108.775063902	5492.9		179.1	-0.1	20.359	98.33								
T	43.005016138	-108.775058193	5495.9		179.1	3.1	20.378	98.33								
T	43.004746374	-108.775052483	5502.0		179.1	6.2	20.396	98.33								
T	43.004476610	-108.775046774	5508.8		179.1	6.9	20.415	98.33								
T	43.004206846	-108.775041064	5515.1		179.1	6.4	20.433	98.33								
T	43.003937083	-108.775035355	5518.3		179.1	3.2	20.452	98.33								
T	43.003777731	-108.775031982	5518.6		179.1	0.5	20.463	58.09								
T	43.003509367	-108.774994022	5520.8		174.1	2.2	20.482	98.34								
T	43.003241003	-108.774956062	5528.0		174.1	7.4	20.500	98.34								
T	43.003206616	-108.774951198	5529.2		174.1	9.0	20.503	12.60								
T	43.002941087	-108.774885843	5536.7		169.8	7.7	20.521	98.35								
T	43.002714273	-108.774830017	5540.9		169.8	5.0	20.537	84.01								
T	43.002454101	-108.774732360	5538.2		164.7	-2.7	20.556	98.36								
T	43.002212079	-108.774641517	5536.4		164.7	-1.9	20.573	91.50								
T	43.001955711	-108.774526582	5541.9		161.8	5.6	20.592	98.37								
T	43.001699343	-108.774411648	5552.2		161.8	10.4	20.610	98.37								
T	43.001611410	-108.774372226	5553.4		161.8	3.6	20.617	33.74								
T	43.001363429	-108.774226904	5552.6		156.8	-0.8	20.635	98.39								
T	43.001115447	-108.774081584	5550.2		156.8	-2.5	20.654	98.39								
T	43.001059969	-108.774049073	5550.7		156.8	2.2	20.658	22.01								
T	43.000820955	-108.773877951	5554.5		152.4	3.9	20.677	98.41								
T	43.000581941	-108.773706830	5557.2		152.4	2.8	20.696	98.41								
T	43.000342927	-108.773535710	5560.0		152.4	2.9	20.714	98.41								
T	43.000103912	-108.773364592	5561.3		152.4	1.2	20.733	98.41								
T	42.999864897	-108.773193475	5559.4		152.4	-1.9	20.751	98.41								
T	42.999625882	-108.773022359	5558.6		152.4	-0.8	20.770	98.41								
T	42.999386867	-108.772851245	5556.9		152.4	-1.8	20.789	98.41								
T	42.999147851	-108.772680132	5556.7		152.4	-0.1	20.807	98.41								
T	42.998908835	-108.772509020	5554.7		152.4	-2.1	20.826	98.41								
T	42.998669819	-108.772337910	5551.0		152.4	-3.7	20.845	98.41								
T	42.998430802	-108.772166800	5549.0		152.4	-2.1	20.863	98.41								
T	42.998191785	-108.771995693	5552.2		152.4	3.3	20.882	98.41								
T	42.997952769	-108.771824586	5559.6		152.4	7.6	20.901	98.41								
T	42.997713751	-108.771653481	5561.9		152.4	2.3	20.919	98.41								
T	42.997474734	-108.771482378	5564.9		152.4	3.1	20.938	98.41								
T	42.997235716	-108.771311275	5570.5		152.4	5.7	20.956	98.41								
T	42.996996698	-108.771140174	5571.1		152.4	0.6	20.975	98.41								
T	42.996884627	-108.771059949	5569.6		152.4	-3.4	20.984	46.14								
T	42.996645439	-108.770889293	5565.2		152.4	-4.4	21.002	98.41								
T	42.996406251	-108.770718639	5564.8		152.4	-0.5	21.021	98.41								
T	42.996167063	-108.770547986	5563.5		152.4	-1.3	21.040	98.41								
T	42.995927874	-108.770377334	5559.3		152.4	-4.2	21.058	98.41								
T	42.995688685	-108.770206684	5554.4		152.4	-5.0	21.077	98.41								
T	42.995449496	-108.770036035	5551.3		152.4	-3.1	21.096	98.41								
T	42.995210307	-108.769865387	5552.9		152.4	1.7	21.114	98.41								
T	42.994971117	-108.769694741	5551.9		152.4	-1.0	21.133	98.41								
T	42.994731927	-108.769524096	5558.3		152.4	6.6	21.152	98.41								
T	42.994492737	-108.769353453	5562.3		152.4	4.0	21.170	98.41								
T	42.994253546	-108.769182810	5561.2		152.4	-1.1	21.189	98.41								
T	42.994014355	-108.769012169	5561.8		152.4	0.6	21.208	98.41								
T	42.993775165	-108.768841530	5561.9		152.4	0.1	21.226	98.41								
T	42.993535973	-108.768670891	5559.9		152.4	-2.1	21.245	98.41								
T	42.993296782	-108.768500254	5558.0		152.4	-1.9	21.263	98.41								
T	42.993057590	-108.768329619	5551.2		152.4	-6.9	21.282	98.41								
T	42.992818398	-108.768158984	5548.1		152.4	-3.1	21.301	98.41								
T	42.992579206	-108.767988351	5546.1		152.4	-2.0	21.319	98.41								
T	42.992340013	-108.767817720	5545.8		152.4	-0.3	21.338	98.41								
T	42.992100821	-108.767647089	5541.6		152.4	-4.2	21.357	98.41								
T	42.991861628	-108.767476460	5539.7		152.4	-1.9	21.375	98.41								
T	42.991622434	-108.767305832	5544.1		152.4	4.4	21.394	98.41								
T	42.991383241	-108.767135206	5550.3		152.4	6.3	21.413	98.41								
T	42.991144047	-108.766964581	5551.2		152.4	1.0	21.431	98.41								
T	42.990904853	-108.766793957	5547.2		152.4	-4.1	21.450	98.41								
T	42.990665659	-108.766623335	5544.4		152.4	-2.8	21.468	98.41								
T	42.990426464	-108.766452714	5543.1		152.4	-1.3	21.487	98.41								
T	42.990187270	-108.766282094	5538.8		152.4	-4.4	21.506	98.41								
T	42.989948075	-108.766111476	5536.2		152.4	-2.6	21.524	98.41								
T	42.989708879	-108.765940859	5528.0		152.4	-8.4	21.543	98.41								
T	42.989605716	-108.765867273	5526.7		152.4	-3.1	21.551	42.44								
T	42.989346205	-108.765766405	5524.6		164.1	-2.1	21.570	98.36								
T	42.989086694	-108.765665538	5521.2		164.1	-3.4	21.588	98.36								
T	42.988827183	-108.765564672	5515.1		164.1	-6.2	21.607	98.36								
T	42.988797695	-108.765553210	5515.1		164.1	-0.1	21.609	11.18								
T	42.988530413	-108.765502969	5514.5		172.2	-0.6	21.628	98.34								
T	42.988263132	-108.765452727	5514.7		172.2	0.2	21.646	98.34								
T	42.988163945	-108.765434083	5515.7		172.2	2.6	21.653	36.49								
T	42.987896336	-108.765387215	5517.5		172.7	1.9	21.672	98.34								
T	42.987628727	-108.765340348	5517.0		172.7	-0.5	21.690	98.34								
T	42.987361118	-108.765293481	5516.9		172.7	-0.1	21.709	98.34								
T	42.987271746	-108.765277830	5517.8		172.7	2.7	21.715	32.84								
T	42.987271000	-108.765270000	5517.8		97.4	0.4	21.716	2.11								
T	42.987258000	-108.765271000	5518.0		183.2	3.2	21.717	4.75								
T	42.985755000	-108.765265000	5521.4		179.8	0.6	21.820	547.81								
T	42.985143000	-108.765324000	5522.2		184.0	0.4	21.863	223.62								
T	42.984452000	-108.765432000	5515.2		186.5	-2.8	21.911	253.51								
T	42.983824000	-108.765598000	5510.2		190.9	-2.1	21.955	233.16								
T	42.982580000	-108.765961000	5517.5		192.1	1.6	22.043	463.70								
T	42.982518000	-108.765979000	5517.0		192.0	-2.2	22.047	23.11								
T	42.981730000	-108.766285000	5517.9		195.9	0.3	22.104	298.65								
T	42.981422000	-108.766399000	5515.7		195.2	-1.9	22.126	116.33								
T	42.981151000	-108.766537000	5519.9		200.4	4.0	22.146	105.45								
T	42.980730000	-108.766799000	5521.6		204.5	1.0	22.178	168.70								
T	42.980476000	-108.766986000	5525.0		208.3	3.2	22.198	105.24								
T	42.980224000	-108.767182000	5526.7		209.6	1.7	22.218	105.77								
T	42.979136000	-108.768054000	5515.4		210.4	-2.5	22.305	460.12								
T	42.978912000	-108.768232000	5520.5		210.2	5.4	22.323	94.52								
T	42.978605000	-108.768469000	5526.5		209.5	4.6	22.347	128.62								
T	42.978408000	-108.768653000	5526.2		214.3	-0.4	22.363	87.06								
T	42.978388885	-108.768614357	5525.6		124.1	-4.5	22.366	12.47								
T	42.977155157	-108.770300657	5521.1		225.0	-0.7	22.486	637.07								
T	42.976977270	-108.770577908	5519.6		228.8	-1.5	22.505	98.53								
T	42.976799382	-108.770855158	5521.9		228.8	2.3	22.524	98.53								
T	42.976621493	-108.771132407	5524.1		228.8	2.3	22.542	98.53								
T	42.976443603	-108.771409654	5522.9		228.7	-1.2	22.561	98.53								
T	42.976265713	-108.771686899	5520.3		228.7	-2.7	22.580	98.53								
T	42.976087822	-108.771964142	5518.4		228.7	-2.0	22.598	98.53								
T	42.976084611	-108.771969146	5518.4		228.7	0.0	22.599	1.78								
T	42.975893838	-108.772229897	5518.5		225.0	0.1	22.617	98.51								
T	42.975703063	-108.772490646	5521.5		225.0	3.1	22.636	98.51								
T	42.975512288	-108.772751393	5524.6		225.0	3.1	22.655	98.51								
T	42.975391390	-108.772916632	5528.2		225.0	5.8	22.667	62.43								
T	42.975179046	-108.773144109	5530.6		218.1	2.4	22.685	98.47								
T	42.974966701	-108.773371583	5530.0		218.1	-0.6	22.704	98.47								
T	42.974933365	-108.773407295	5528.6		218.1	-9.2	22.707	15.46								
T	42.974699379	-108.773590873	5520.6		209.9	-8.1	22.725	98.42								
T	42.974465393	-108.773774449	5512.6		209.9	-8.2	22.744	98.42								
T	42.974231407	-108.773958025	5509.3		209.9	-3.3	22.763	98.42								
T	42.973997421	-108.774141599	5508.5		209.9	-0.8	22.781	98.42								
T	42.973877660	-108.774235556	5508.3		209.9	-0.5	22.791	50.38								
T	42.973627416	-108.774373375	5502.4		201.9	-6.0	22.810	98.38								
T	42.973377172	-108.774511192	5500.0		201.9	-2.4	22.828	98.38								
T	42.973126928	-108.774649008	5498.7		201.9	-1.3	22.847	98.38								
T	42.972938962	-108.774752525	5498.9		201.9	0.3	22.861	73.90								
T	42.972675192	-108.774830020	5497.9		192.1	-1.0	22.879	98.35								
T	42.972411421	-108.774907515	5495.9		192.1	-2.1	22.898	98.35								
T	42.972147651	-108.774985008	5491.2		192.1	-4.7	22.917	98.35								
T	42.971883880	-108.775062501	5488.9		192.1	-2.4	22.935	98.35								
T	42.971778276	-108.775093526	5488.0		192.1	-2.2	22.943	39.38								
T	42.971779000	-108.775145000	5488.6		271.1	4.5	22.945	13.78								
T	42.971293000	-108.775152000	5480.5		180.6	-4.6	22.979	177.15								
T	42.971196000	-108.775151000	5478.8		179.6	-5.0	22.986	35.36								
T	42.967839000	-108.775131000	5439.6		179.8	-3.2	23.217	1223.56								
T	42.963615000	-108.775143000	5474.1		180.1	2.2	23.509	1539.55								
T	42.961848000	-108.775141000	5468.0		180.0	-0.9	23.631	644.03								
T	42.961847629	-108.775114785	5468.0		91.1	-0.1	23.632	7.02								
T	42.960187323	-108.775275892	5438.6		184.1	-4.9	23.747	606.68								
T	42.959926862	-108.775372033	5436.4		195.1	-2.3	23.766	98.36								
T	42.959666402	-108.775468172	5435.7		195.1	-0.7	23.784	98.36								
T	42.959405941	-108.775564311	5433.1		195.1	-2.7	23.803	98.36								
T	42.959305598	-108.775601349	5433.3		195.1	0.7	23.810	37.89								
T	42.959060719	-108.775756087	5435.8		204.8	2.5	23.829	98.40								
T	42.958815840	-108.775910825	5437.2		204.8	1.5	23.847	98.40								
T	42.958570960	-108.776065561	5440.1		204.8	2.9	23.866	98.40								
T	42.958326080	-108.776220296	5441.8		204.8	1.7	23.885	98.40								
T	42.958275746	-108.776252101	5442.3		204.8	2.5	23.889	20.23								
T	42.957464756	-108.777017238	5463.6		214.6	5.9	23.957	359.62								
T	42.957273983	-108.777277910	5464.1		225.0	0.5	23.975	98.51								
T	42.957083209	-108.777538581	5460.7		225.0	-3.4	23.994	98.51								
T	42.956892434	-108.777799250	5462.5		225.0	1.8	24.013	98.51								
T	42.956701659	-108.778059917	5467.9		225.0	5.5	24.031	98.51								
T	42.956518588	-108.778310055	5470.8		225.0	3.0	24.049	94.53								
T	42.956338360	-108.778584376	5470.6		228.1	-0.2	24.068	98.53								
T	42.956158131	-108.778858696	5472.2		228.1	1.6	24.087	98.53								
T	42.955977902	-108.779133013	5475.6		228.1	3.5	24.105	98.53								
T	42.955797672	-108.779407330	5479.8		228.1	4.3	24.124	98.53								
T	42.955792329	-108.779415462	5479.9		228.1	4.5	24.124	2.92								
T	42.955808000	-108.779426000	5479.6		333.8	-5.3	24.126	6.37								
T	42.955802000	-108.779444000	5479.7		245.5	3.0	24.127	5.29								
T	42.955386000	-108.780499000	5489.6		241.7	3.1	24.187	320.56								
T	42.953854000	-108.784948000	5508.6		244.8	1.4	24.436	1315.47								
T	42.953352000	-108.786373000	5502.2		244.3	-1.5	24.517	423.11								
T	42.952048000	-108.790002000	5518.3		243.9	1.5	24.721	1081.60								
T	42.951640000	-108.791138000	5511.6		243.9	-2.0	24.786	338.55								
T	42.951633000	-108.791162000	5511.4		248.3	-2.9	24.787	6.91								
T	42.951634612	-108.791162935	5511.3		337.0	-2.4	24.787	0.64								
T	42.951463958	-108.791448436	5513.5		230.8	2.2	24.806	98.55								
T	42.951293303	-108.791733935	5520.1		230.8	6.7	24.824	98.55								
T	42.951122647	-108.792019433	5527.7		230.8	7.7	24.843	98.55								
T	42.950975268	-108.792265987	5530.9		230.8	3.7	24.859	85.11								
T	42.950793354	-108.792538197	5534.4		227.6	3.5	24.878	98.53								
T	42.950611438	-108.792810406	5534.0		227.6	-0.4	24.896	98.53								
T	42.950429523	-108.793082613	5536.1		227.6	2.2	24.915	98.53								
T	42.950410111	-108.793111660	5536.2		227.6	0.8	24.917	10.51								
T	42.949670016	-108.793865411	5535.1		216.7	-0.3	24.981	336.88								
T	42.949427250	-108.794026221	5532.6		205.9	-2.4	25.000	98.40								
T	42.949184483	-108.794187030	5524.9		205.9	-7.9	25.018	98.40								
T	42.948941717	-108.794347838	5517.1		205.9	-7.9	25.037	98.40								
T	42.948781890	-108.794453706	5513.8		205.9	-5.1	25.049	64.78								
T	42.947086341	-108.794913310	5493.7		191.2	-3.2	25.168	630.12								
T	42.947086000	-108.794882000	5494.2		90.9	6.6	25.170	8.38								
T	42.945801000	-108.794879000	5483.9		179.9	-2.2	25.259	468.35								
T	42.944806000	-108.794892000	5479.4		180.5	-1.2	25.327	362.67								
T	42.944122000	-108.794888000	5487.7		179.8	3.3	25.375	249.30								
T	42.943110000	-108.794891000	5486.6		180.1	-0.3	25.444	368.85								
T	42.942575000	-108.794906000	5490.0		181.2	1.7	25.481	195.03								
T	42.942348000	-108.794951000	5490.9		188.3	1.1	25.497	83.61								
T	42.942186000	-108.795017000	5491.9		196.6	1.7	25.509	61.63								
T	42.942025000	-108.795118000	5490.7		204.7	-1.8	25.521	64.61								
T	42.941877000	-108.795247000	5489.9		212.5	-1.3	25.533	64.05								
T	42.941747000	-108.795384000	5491.2		217.6	2.1	25.545	59.92								
T	42.941640000	-108.795537000	5492.4		226.3	2.2	25.555	56.56								
T	42.941605000	-108.795598000	5493.2		231.9	3.9	25.559	20.73								
T	42.941434000	-108.795900000	5495.5		232.3	2.2	25.579	102.10								
T	42.941067000	-108.795641000	5492.1		152.7	-2.3	25.607	150.67								
T	42.940593000	-108.795379000	5497.8		158.0	3.0	25.642	186.46								
T	42.940055000	-108.795149000	5500.7		162.6	1.4	25.681	205.53								
T	42.939563000	-108.795010000	5505.2		168.3	2.4	25.716	183.14								
T	42.939048000	-108.794934000	5503.8		173.8	-0.7	25.752	188.80								
T	42.938178000	-108.794902000	5502.9		178.5	-0.3	25.812	317.21								
T	42.928070000	-108.794860000	5544.4		179.8	1.1	26.510	3684.11								
T	42.920881000	-108.794872000	5560.5		180.1	0.6	27.006	2620.20								
T	42.917029000	-108.794875000	5573.7		180.0	0.9	27.272	1403.95								
T	42.910922000	-108.794872000	5581.2		180.0	0.3	27.693	2225.83								
T	42.910259000	-108.794888000	5585.9		181.0	2.0	27.739	241.68								
T	42.908599000	-108.794887000	5584.5		180.0	-0.2	27.854	605.02								
T	42.906181000	-108.794898000	5604.2		180.2	2.2	28.021	881.30								
T	42.903326000	-108.794901000	5603.7		180.0	-0.1	28.218	1040.57								
T	42.901910000	-108.794896000	5608.3		179.9	0.9	28.315	516.09								
T	42.900790000	-108.794902000	5607.1		180.2	-0.3	28.393	408.21								
T	42.899555000	-108.794900000	5607.6		179.9	0.1	28.478	450.12								
T	42.899387000	-108.794898000	5605.3		179.5	-3.6	28.490	61.23								
T	42.899209000	-108.794896000	5604.0		179.5	-2.1	28.502	64.88								
T	42.897464000	-108.794907000	5599.9		180.3	-0.6	28.622	636.01								
T	42.896295000	-108.794909000	5605.8		180.1	1.4	28.703	426.07								
T	42.896080000	-108.794907000	5603.6		179.6	-2.9	28.718	78.36								
T	42.894155000	-108.794903000	5596.9		179.9	-0.9	28.851	701.61								
T	42.893580000	-108.794848000	5595.0		176.0	-0.9	28.891	210.09								
T	42.892973000	-108.794695000	5586.0		169.5	-4.0	28.933	225.00								
T	42.892236000	-108.794369000	5587.1		162.0	0.4	28.987	282.46								
T	42.891957000	-108.794216000	5589.8		158.1	2.5	29.007	109.64								
T	42.890112000	-108.793053000	5572.2		155.2	-2.4	29.148	741.17								
T	42.888379000	-108.791992000	5557.3		155.8	-2.2	29.279	692.68								
T	42.888143000	-108.791834000	5554.1		153.9	-3.3	29.297	95.87								
T	42.885399000	-108.790142000	5523.8		155.7	-2.8	29.505	1098.11								
T	42.884780000	-108.789738000	5521.0		154.4	-1.1	29.553	250.25								
T	42.882915000	-108.788571000	5509.9		155.4	-1.5	29.694	748.25								
T	42.882498000	-108.788300000	5511.8		154.5	1.1	29.726	168.45								
T	42.880955000	-108.787341000	5503.8		155.5	-1.3	29.843	618.34								
T	42.878373000	-108.785715000	5508.5		155.2	0.5	30.040	1037.09								
T	42.876480000	-108.784543000	5535.7		155.6	3.6	30.183	758.10								
T	42.874983000	-108.783592000	5540.5		155.0	0.8	30.297	602.23								
T	42.873498000	-108.782677000	5524.2		155.7	-2.7	30.410	594.22								
T	42.869469000	-108.780132000	5526.4		155.2	0.1	30.717	1619.20								
T	42.868079000	-108.779197000	5525.2		153.8	-0.2	30.824	565.23								
T	42.867249000	-108.778570000	5534.5		151.0	2.7	30.889	346.08								
T	42.866455000	-108.777921000	5520.8		149.1	-4.0	30.953	337.67								
T	42.866043000	-108.777578000	5538.9		148.6	10.3	30.986	176.08								
T	42.864066000	-108.775836000	5575.3		147.1	4.2	31.149	858.68								
T	42.861818000	-108.773897000	5602.2		147.7	2.8	31.333	970.34								
T	42.861161000	-108.773254000	5587.3		144.3	-5.0	31.389	295.06								
T	42.860592000	-108.772595000	5571.7		139.7	-5.7	31.440	272.45								
T	42.860006000	-108.771759000	5564.3		133.7	-2.4	31.499	309.61								
T	42.859608000	-108.771060000	5547.0		127.8	-7.3	31.544	237.00								
T	42.859154000	-108.770096000	5525.5		122.7	-7.0	31.602	306.91								
T	42.856882000	-108.764788000	5468.2		120.3	-3.5	31.914	1646.64								
T	42.855146000	-108.760697000	5439.7		120.1	-2.2	32.154	1266.38								
T	42.854870000	-108.760069000	5429.6		120.9	-5.2	32.191	196.16								
T	42.854178000	-108.758396000	5419.2		119.4	-2.0	32.288	514.66								
T	42.853376000	-108.756561000	5400.5		120.8	-3.3	32.397	572.34								
T	42.852668000	-108.754866000	5394.7		119.7	-1.1	32.496	522.67								
T	42.852256000	-108.754090000	5387.9		125.9	-2.6	32.544	256.62								
T	42.851660000	-108.753128000	5383.8		130.2	-1.2	32.608	337.25								
T	42.850989000	-108.752306000	5374.9		138.1	-2.7	32.671	329.24								
T	42.850547000	-108.751856000	5377.4		143.3	1.3	32.709	201.28								
T	42.849700000	-108.751122000	5361.3		147.6	-4.4	32.778	366.12								
T	42.848800000	-108.750528000	5354.3		154.2	-1.9	32.847	364.65								
T	42.847699000	-108.749802000	5349.6		154.2	-1.1	32.932	446.02								
T	42.844027000	-108.747311000	5355.4		153.6	0.4	33.215	1495.80								
T	42.842950000	-108.746580000	5358.9		153.5	0.8	33.298	438.77								
T	42.841901000	-108.745868000	5354.3		153.5	-1.1	33.379	427.36								
T	42.841715000	-108.745755000	5356.0		156.0	2.3	33.393	74.26								
T	42.841637000	-108.745707000	5357.7		155.7	5.4	33.399	31.21								
T	42.841591000	-108.745840000	5356.1		244.7	-4.1	33.406	39.42								

