type	latitude	longitude	altitude (ft)	vmg (mph)	course	slope (%)	distance (mi)	distance_interval (ft)	color	opacity	width	scale	sym	name	desc	kml_folder
T	40.882793000	-98.374176000	1875.7				0.000		#f57c00	1.00	2.55			BL. Grand Island Loop		Optional Loops
T	40.882803000	-98.374165000	1875.5		39.7	-4.8	0.001	4.75								
T	40.883038000	-98.374036000	1868.8		22.5	-7.2	0.018	92.75								
T	40.882986000	-98.373823000	1875.0		107.9	10.1	0.030	61.87								
T	40.882928000	-98.373538000	1877.3		105.1	2.8	0.046	81.59								
T	40.882925000	-98.373430000	1878.7		92.1	4.7	0.051	29.88								
T	40.882922000	-98.373300000	1880.3		91.7	4.5	0.058	35.96								
T	40.882961000	-98.372940000	1882.3		81.8	1.9	0.077	100.56								
T	40.883062000	-98.372599000	1879.0		68.6	-3.3	0.096	101.22								
T	40.883162000	-98.372409000	1876.2		55.2	-4.3	0.108	63.94								
T	40.883205000	-98.372326000	1875.5		55.6	-2.5	0.114	27.79								
T	40.883425000	-98.372059000	1877.2		42.5	1.5	0.134	108.98								
T	40.883442000	-98.372045000	1877.5		31.9	4.5	0.136	7.30								
T	40.883667000	-98.371867000	1881.3		30.9	3.9	0.154	95.62								
T	40.883773000	-98.371805000	1882.5		23.9	2.9	0.162	42.25								
T	40.883857000	-98.371756000	1883.1		23.8	1.7	0.168	33.47								
T	40.884027000	-98.371686000	1881.7		17.3	-2.2	0.180	64.89								
T	40.884043000	-98.371685000	1881.5		2.7	-3.1	0.182	5.84								
T	40.884207000	-98.371671000	1879.5		3.7	-3.4	0.193	59.88								
T	40.884450000	-98.371710000	1876.6		353.1	-3.3	0.210	89.19								
T	40.884775000	-98.371876000	1874.0		338.9	-2.0	0.234	127.00								
T	40.884962000	-98.372038000	1874.1		326.8	0.2	0.249	81.54								
T	40.885107000	-98.372220000	1870.1		316.5	-5.5	0.263	72.96								
T	40.885227000	-98.372402000	1864.1		311.1	-9.0	0.276	66.66								
T	40.885342000	-98.372666000	1865.5		299.9	1.7	0.292	84.17								
T	40.885400000	-98.372890000	1873.7		288.9	12.5	0.304	65.44								
T	40.885432000	-98.373202000	1886.4		277.7	14.6	0.321	87.06								
T	40.886383000	-98.373141000	1880.0		2.8	-1.8	0.386	346.90								
T	40.887055000	-98.373055000	1872.0		5.5	-3.2	0.433	245.99								
T	40.887324000	-98.373061000	1870.0		359.0	-2.1	0.451	98.02								
T	40.887487000	-98.373052000	1870.0		2.4	0.0	0.463	59.44								
T	40.887721000	-98.373039000	1877.7		2.4	9.0	0.479	85.33								
T	40.887932000	-98.373037000	1878.0		0.4	0.4	0.493	76.88								
T	40.887877000	-98.369239000	1868.9		91.1	-0.9	0.692	1050.34								
T	40.887869000	-98.368554000	1878.4		90.9	5.0	0.728	189.43								
T	40.887863000	-98.367864000	1882.5		90.7	2.2	0.764	190.80								
T	40.887846000	-98.367122000	1882.0		91.7	-0.2	0.803	205.26								
T	40.887822000	-98.366309000	1880.2		92.2	-0.8	0.846	224.97								
T	40.887760000	-98.364971000	1875.6		93.5	-1.2	0.916	370.65								
T	40.887756000	-98.364868000	1873.3		92.9	-8.2	0.921	28.52								
T	40.887668000	-98.362479000	1873.4		92.8	0.0	1.047	661.34								
T	40.887649000	-98.362040000	1873.4		93.3	0.0	1.070	121.58								
T	40.887529000	-98.358981000	1873.0		93.0	-0.0	1.230	846.95								
T	40.887428000	-98.356337000	1873.0		92.9	0.0	1.369	732.00								
T	40.887383000	-98.354823000	1862.4		92.3	-2.5	1.448	418.95								
T	40.887348000	-98.352016000	1872.4		90.9	1.3	1.595	776.25								
T	40.887313000	-98.348388000	1870.0		90.7	-0.2	1.785	1003.24								
T	40.887307000	-98.346558000	1868.8		90.2	-0.2	1.881	506.01								
T	40.887270000	-98.344894000	1862.0		91.7	-1.5	1.968	460.30								
T	40.887262000	-98.344442000	1860.3		91.3	-1.4	1.992	125.01								
T	40.887260000	-98.343971000	1861.1		90.3	0.6	2.016	130.24								
T	40.887247000	-98.343134000	1859.3		91.2	-0.8	2.060	231.48								
T	40.887242000	-98.342421000	1860.5		90.5	0.6	2.098	197.16								
T	40.887224000	-98.340475000	1866.8		90.7	1.2	2.200	538.12								
T	40.887218000	-98.339847000	1863.2		90.7	-2.1	2.232	173.66								
T	40.885884000	-98.339800000	1863.2		178.5	0.0	2.325	486.21								
T	40.885511000	-98.339691000	1863.8		167.5	0.5	2.351	139.20								
T	40.883966000	-98.339667000	1859.8		179.3	-0.7	2.458	562.95								
T	40.883619000	-98.339665000	1862.7		179.8	2.4	2.481	126.43								
T	40.883522000	-98.339665000	1863.1		180.0	0.9	2.488	35.34								
T	40.883113000	-98.339662000	1863.5		179.7	0.3	2.516	149.02								
T	40.881922000	-98.339655000	1866.0		179.7	0.6	2.599	433.94								
T	40.881748000	-98.339654000	1866.0		179.8	-0.0	2.611	63.40								
T	40.880190000	-98.339602000	1867.2		178.6	0.2	2.718	567.83								
T	40.879837000	-98.339602000	1866.1		180.0	-0.8	2.742	128.61								
T	40.879537000	-98.339613000	1862.9		181.6	-3.0	2.763	109.35								
T	40.878883000	-98.339633000	1854.7		181.3	-3.4	2.808	238.34								
T	40.878792000	-98.339693000	1854.0		206.5	-1.9	2.815	37.08								
T	40.878638000	-98.339699000	1853.9		181.7	-0.1	2.826	56.13								
T	40.878289000	-98.339712000	1860.8		181.6	5.4	2.850	127.21								
T	40.878196000	-98.339629000	1862.4		146.0	4.0	2.858	40.93								
T	40.877466000	-98.339639000	1863.4		180.6	0.4	2.908	265.98								
T	40.877153000	-98.339644000	1863.2		180.7	-0.2	2.930	114.05								
T	40.876863000	-98.339640000	1865.8		179.4	2.5	2.950	105.67								
T	40.876575000	-98.339758000	1871.3		197.2	5.0	2.971	109.89								
T	40.875835000	-98.339751000	1873.0		179.6	0.6	3.022	269.62								
T	40.875567000	-98.339751000	1873.0		180.0	0.0	3.040	97.64								
T	40.872720000	-98.339762000	1859.7		180.2	-1.3	3.237	1037.29								
T	40.872298000	-98.339772000	1863.8		181.0	2.7	3.266	153.78								
T	40.871495000	-98.339783000	1865.0		180.6	0.4	3.321	292.58								
T	40.870172000	-98.339815000	1867.2		181.0	0.5	3.412	482.11								
T	40.869223000	-98.339794000	1864.4		179.0	-0.8	3.478	345.81								
T	40.868582000	-98.339826000	1871.3		182.2	3.0	3.522	233.71								
T	40.867390000	-98.339815000	1859.6		179.6	-2.7	3.604	434.31								
T	40.866002000	-98.339805000	1862.3		179.7	0.5	3.700	505.71								
T	40.865710000	-98.339815000	1863.5		181.5	1.1	3.720	106.42								
T	40.864566000	-98.339847000	1867.2		181.2	0.9	3.799	416.90								
T	40.863576000	-98.339837000	1865.3		179.6	-0.5	3.868	360.71								
T	40.861786000	-98.339894000	1879.9		181.4	2.2	3.991	652.36								
T	40.861093000	-98.339903000	1876.6		180.6	-1.3	4.039	252.50								
T	40.860311000	-98.339904000	1876.4		180.1	-0.1	4.093	284.92								
T	40.860021000	-98.339902000	1876.6		179.7	0.2	4.113	105.66								
T	40.858659000	-98.339923000	1880.8		180.7	0.8	4.207	496.27								
T	40.858528000	-98.339923000	1880.6		180.0	-0.6	4.216	47.73								
T	40.858213000	-98.339923000	1878.1		180.0	-2.1	4.238	114.77								
T	40.856399000	-98.339966000	1882.7		181.0	0.7	4.363	661.02								
T	40.854330000	-98.339939000	1872.6		179.4	-1.3	4.506	753.86								
T	40.854184000	-98.339934000	1872.6		178.5	-0.1	4.516	53.21								
T	40.852263000	-98.339925000	1873.8		179.8	0.2	4.648	699.90								
T	40.850481000	-98.339919000	1869.2		179.9	-0.7	4.771	649.26								
T	40.849699000	-98.339907000	1872.0		179.3	1.0	4.825	284.93								
T	40.849061000	-98.339898000	1869.8		179.4	-0.9	4.869	232.46								
T	40.848620000	-98.339891000	1877.7		179.3	4.9	4.900	160.69								
T	40.847955000	-98.339891000	1878.6		180.0	0.4	4.946	242.29								
T	40.847156000	-98.339880000	1873.4		179.4	-1.8	5.001	291.12								
T	40.844855000	-98.339859000	1880.7		179.6	0.9	5.160	838.37								
T	40.844567000	-98.339875000	1879.1		182.4	-1.5	5.180	105.02								
T	40.840462000	-98.339931000	1882.9		180.6	0.3	5.463	1495.70								
T	40.836380000	-98.340078000	1876.5		181.6	-0.4	5.745	1487.79								
T	40.835345000	-98.340119000	1872.9		181.7	-0.9	5.816	377.26								
T	40.835101000	-98.340135000	1875.4		182.8	2.9	5.833	89.01								
T	40.834532000	-98.340158000	1877.6		181.8	1.0	5.872	207.41								
T	40.834054000	-98.340178000	1887.8		181.8	5.9	5.905	174.24								
T	40.832718000	-98.340242000	1872.7		182.1	-3.1	5.997	487.08								
T	40.831288000	-98.340284000	1874.6		181.3	0.4	6.096	521.14								
T	40.830333000	-98.340313000	1880.4		181.3	1.7	6.162	348.04								
T	40.829716000	-98.340324000	1879.9		180.8	-0.2	6.205	224.82								
T	40.829049000	-98.340346000	1879.3		181.4	-0.2	6.251	243.09								
T	40.827695000	-98.340389000	1880.0		181.4	0.1	6.344	493.46								
T	40.827458000	-98.340396000	1879.0		181.3	-1.1	6.360	86.37								
T	40.827234000	-98.340403000	1881.6		181.4	3.1	6.376	81.63								
T	40.826282000	-98.340435000	1881.9		181.5	0.1	6.442	346.96								
T	40.825271000	-98.340459000	1886.6		181.0	1.3	6.511	368.41								
T	40.824153000	-98.340464000	1879.8		180.2	-1.7	6.589	407.33								
T	40.823860000	-98.340457000	1877.5		179.0	-2.2	6.609	106.77								
T	40.823731000	-98.340444000	1876.1		175.6	-2.9	6.618	47.14								
T	40.822627000	-98.340340000	1884.6		175.9	2.1	6.694	403.26								
T	40.822149000	-98.340322000	1868.7		178.4	-9.1	6.727	174.23								
T	40.821493000	-98.340295000	1866.8		178.2	-0.8	6.772	239.12								
T	40.820647000	-98.340260000	1876.1		178.2	3.0	6.831	308.38								
T	40.819526000	-98.340205000	1886.8		177.9	2.6	6.908	408.71								
T	40.818384000	-98.340175000	1886.5		178.9	-0.1	6.987	416.16								
T	40.816604000	-98.340208000	1880.7		180.8	-0.9	7.110	648.59								
T	40.814534000	-98.340269000	1881.2		181.3	0.1	7.253	754.37								
T	40.813693000	-98.340273000	1885.6		180.2	1.4	7.311	306.41								
T	40.812147000	-98.340280000	1881.7		180.2	-0.7	7.417	563.27								
T	40.803913000	-98.340396000	1937.0		180.6	1.8	7.986	3000.13								
T	40.803695000	-98.340399000	1936.1		180.6	-1.1	8.001	79.43								
T	40.800409000	-98.340445000	1939.0		180.6	0.2	8.227	1197.28								
T	40.800022000	-98.340449000	1942.0		180.4	2.1	8.254	141.00								
T	40.799509000	-98.340449000	1946.0		180.0	2.1	8.290	186.91								
T	40.798331000	-98.340449000	1935.7		180.0	-2.4	8.371	429.19								
T	40.792210000	-98.340349000	1939.9		179.3	0.2	8.793	2230.28								
T	40.790010000	-98.340325000	1938.8		179.5	-0.1	8.945	801.57								
T	40.785481000	-98.340269000	1933.8		179.5	-0.3	9.258	1650.15								
T	40.785241000	-98.340264000	1928.5		179.1	-6.1	9.274	87.45								
T	40.782007000	-98.340198000	1931.5		179.1	0.3	9.497	1178.41								
T	40.781322000	-98.340181000	1931.4		178.9	-0.0	9.545	249.61								
T	40.779148000	-98.340127000	1921.2		178.9	-1.3	9.695	792.21								
T	40.778399000	-98.340109000	1924.1		179.0	1.1	9.746	272.93								
T	40.775125000	-98.340031000	1922.9		179.0	-0.1	9.972	1193.03								
T	40.774347000	-98.340023000	1929.0		179.6	2.1	10.026	283.46								
T	40.773911000	-98.340019000	1931.9		179.6	1.9	10.056	158.85								
T	40.773517000	-98.340104000	1928.0		189.3	-2.7	10.084	145.47								
T	40.773222000	-98.340204000	1926.8		194.4	-1.1	10.105	110.99								
T	40.772896000	-98.340353000	1929.5		199.1	2.1	10.128	125.74								
T	40.772498000	-98.340633000	1925.9		208.0	-2.2	10.160	164.44								
T	40.772154000	-98.340944000	1930.1		214.4	2.8	10.188	152.08								
T	40.771842000	-98.341304000	1929.1		221.1	-0.7	10.217	151.21								
T	40.771586000	-98.341703000	1936.2		229.7	4.9	10.244	144.61								
T	40.771440000	-98.342004000	1941.1		237.4	4.9	10.263	98.90								
T	40.771365000	-98.342159000	1939.4		237.4	-3.3	10.273	50.89								
T	40.771125000	-98.342891000	1934.4		246.6	-2.3	10.315	220.81								
T	40.770991000	-98.343532000	1934.8		254.6	0.2	10.349	184.14								
T	40.770994000	-98.342983000	1931.9		89.6	-1.9	10.378	152.07								
T	40.770991000	-98.343532000	1934.8		269.6	1.9	10.407	152.07								
T	40.770981000	-98.350655000	1925.2		269.9	-0.5	10.781	1972.98								
T	40.770980000	-98.351749000	1937.8		269.9	4.1	10.838	303.02								
T	40.770975000	-98.353801000	1938.6		269.8	0.1	10.946	568.38								
T	40.770969000	-98.356040000	1953.3		269.8	2.4	11.063	620.18								
T	40.770968000	-98.356394000	1952.1		269.8	-1.2	11.082	98.05								
T	40.770969000	-98.357189000	1952.1		270.1	-0.0	11.124	220.21								
T	40.770970000	-98.357976000	1947.2		270.1	-2.3	11.165	217.99								
T	40.770973000	-98.359237000	1956.2		270.2	2.6	11.231	349.28								
T	40.770981000	-98.361715000	1945.5		270.2	-1.6	11.361	686.38								
T	40.770989000	-98.364140000	1943.7		270.3	-0.3	11.488	671.70								
T	40.770992000	-98.364736000	1944.3		270.4	0.4	11.519	165.09								
T	40.771003000	-98.367379000	1955.4		270.3	1.5	11.658	732.09								
T	40.771001000	-98.368426000	1950.8		269.9	-1.6	11.713	290.01								
T	40.770999000	-98.369613000	1952.1		269.9	0.4	11.775	328.78								
T	40.770997000	-98.370957000	1952.1		269.9	0.0	11.846	372.27								
T	40.770996000	-98.372343000	1952.7		269.9	0.1	11.918	383.90								
T	40.770998000	-98.373708000	1959.3		270.1	1.8	11.990	378.09								
T	40.770998000	-98.374247000	1961.0		270.0	1.1	12.018	149.30								
T	40.770999000	-98.374746000	1964.2		270.2	2.3	12.045	138.22								
T	40.770999000	-98.374930000	1966.4		270.0	4.3	12.054	50.97								
T	40.771000000	-98.375943000	1967.3		270.1	0.3	12.107	280.59								
T	40.771001000	-98.376114000	1966.5		270.4	-1.7	12.116	47.37								
T	40.771001000	-98.376526000	1959.0		270.0	-6.6	12.138	114.12								
T	40.771003000	-98.378014000	1957.9		270.1	-0.3	12.216	412.16								
T	40.771003000	-98.378200000	1959.3		270.0	2.8	12.226	51.52								
T	40.771930000	-98.378208000	1950.6		359.6	-2.6	12.290	337.75								
T	40.773817000	-98.378184000	1949.3		0.6	-0.2	12.420	687.53								
T	40.776217000	-98.378175000	1947.7		0.2	-0.2	12.586	874.41								
T	40.777887000	-98.378182000	1959.4		359.8	1.9	12.701	608.44								
T	40.778280000	-98.378183000	1952.7		359.9	-4.6	12.728	143.18								
T	40.785535000	-98.378213000	1921.0		359.8	-1.2	13.229	2643.27								
T	40.792488000	-98.378238000	1895.2		359.8	-1.0	13.708	2533.24								
T	40.792844000	-98.378239000	1898.7		359.9	2.7	13.733	129.70								
T	40.794355000	-98.378237000	1898.1		0.1	-0.1	13.837	550.51								
T	40.798110000	-98.378248000	1901.2		359.9	0.2	14.096	1368.09								
T	40.800079000	-98.378276000	1897.7		359.4	-0.5	14.232	717.42								
T	40.801544000	-98.378277000	1894.8		360.0	-0.5	14.333	533.75								
T	40.802393000	-98.378283000	1882.6		359.7	-3.9	14.392	309.33								
T	40.803138000	-98.378289000	1895.5		359.7	4.8	14.443	271.44								
T	40.805610000	-98.378270000	1899.7		0.3	0.5	14.614	900.66								
T	40.807682000	-98.378250000	1889.8		0.4	-1.3	14.757	754.93								
T	40.808756000	-98.378263000	1891.8		359.5	0.5	14.831	391.32								
T	40.809827000	-98.378270000	1890.9		359.7	-0.2	14.905	390.21								
T	40.811554000	-98.378254000	1897.7		0.4	1.1	15.024	629.23								
T	40.814978000	-98.378285000	1895.3		359.6	-0.2	15.260	1247.52								
T	40.815222000	-98.378288000	1893.2		359.5	-2.4	15.277	88.90								
T	40.815432000	-98.378290000	1890.7		359.6	-3.2	15.292	76.51								
T	40.815608000	-98.378287000	1890.5		0.7	-0.4	15.304	64.13								
T	40.816472000	-98.378266000	1890.8		1.1	0.1	15.363	314.84								
T	40.817035000	-98.378274000	1883.3		359.4	-3.7	15.402	205.13								
T	40.818032000	-98.378269000	1902.1		0.2	5.2	15.471	363.25								
T	40.819505000	-98.378250000	1900.6		0.6	-0.3	15.573	536.70								
T	40.819774000	-98.378244000	1903.4		1.0	2.9	15.591	98.02								
T	40.820555000	-98.378244000	1913.9		0.0	3.7	15.645	284.55								
T	40.820883000	-98.378244000	1905.8		0.0	-6.8	15.668	119.50								
T	40.821858000	-98.378259000	1902.2		359.3	-1.0	15.735	355.25								
T	40.822031000	-98.378261000	1904.2		359.5	3.2	15.747	63.03								
T	40.822196000	-98.378264000	1905.2		359.2	1.6	15.758	60.12								
T	40.823606000	-98.378289000	1898.6		359.2	-1.3	15.856	513.76								
T	40.823717000	-98.378294000	1899.9		358.0	3.4	15.863	40.47								
T	40.824005000	-98.378290000	1900.7		0.6	0.7	15.883	104.94								
T	40.825170000	-98.378303000	1892.4		359.5	-2.0	15.964	424.47								
T	40.825932000	-98.378304000	1890.9		359.9	-0.5	16.016	277.63								
T	40.827025000	-98.378289000	1890.3		0.6	-0.2	16.092	398.24								
T	40.828518000	-98.378327000	1889.8		358.9	-0.1	16.195	544.06								
T	40.829425000	-98.378335000	1890.0		359.6	0.1	16.257	330.46								
T	40.829933000	-98.378339000	1892.3		359.7	1.2	16.292	185.09								
T	40.831901000	-98.378354000	1880.8		359.7	-1.6	16.428	717.03								
T	40.832239000	-98.378355000	1876.4		359.9	-3.6	16.451	123.15								
T	40.833901000	-98.378364000	1882.7		359.8	1.0	16.566	605.54								
T	40.836803000	-98.378384000	1880.6		359.7	-0.2	16.766	1057.33								
T	40.837283000	-98.378388000	1885.9		359.6	3.0	16.799	174.89								
T	40.839864000	-98.378407000	1882.8		359.7	-0.3	16.978	940.38								
T	40.842025000	-98.378423000	1890.4		359.7	1.0	17.127	787.35								
T	40.843042000	-98.378414000	1885.6		0.4	-1.3	17.197	370.54								
T	40.844578000	-98.378418000	1875.8		359.9	-1.8	17.303	559.63								
T	40.845447000	-98.378401000	1875.7		0.8	-0.0	17.363	316.65								
T	40.846955000	-98.378394000	1873.4		0.2	-0.4	17.467	549.43								
T	40.849711000	-98.378375000	1873.0		0.3	-0.0	17.657	1004.14								
T	40.851045000	-98.378362000	1876.4		0.4	0.7	17.749	486.04								
T	40.851817000	-98.378362000	1880.1		0.0	1.3	17.802	281.27								
T	40.855072000	-98.378329000	1884.0		0.4	0.3	18.027	1185.96								
T	40.856803000	-98.378321000	1873.2		0.2	-1.7	18.146	630.68								
T	40.858200000	-98.378317000	1881.2		0.1	1.6	18.243	508.99								
T	40.859083000	-98.378306000	1877.1		0.5	-1.3	18.304	321.73								
T	40.861028000	-98.378262000	1872.2		1.0	-0.7	18.438	708.75								
T	40.864004000	-98.378197000	1871.0		0.9	-0.1	18.643	1084.43								
T	40.866277000	-98.378151000	1879.1		0.9	1.0	18.800	828.25								
T	40.866392000	-98.378146000	1879.9		1.9	2.1	18.808	41.92								
T	40.867229000	-98.378126000	1870.1		1.0	-3.2	18.866	305.00								
T	40.868419000	-98.378101000	1879.8		0.9	2.2	18.948	433.62								
T	40.869639000	-98.378070000	1877.8		1.1	-0.4	19.032	444.58								
T	40.871228000	-98.378039000	1873.4		0.8	-0.8	19.142	579.00								
T	40.873142000	-98.377995000	1883.2		1.0	1.4	19.274	697.46								
T	40.873568000	-98.377988000	1883.2		0.7	0.0	19.303	155.22								
T	40.874374000	-98.377993000	1880.1		359.7	-1.1	19.359	293.66								
T	40.874724000	-98.377996000	1877.4		359.6	-2.2	19.383	127.52								
T	40.875280000	-98.378006000	1883.2		359.2	2.9	19.422	202.59								
T	40.879008000	-98.378037000	1883.2		359.6	0.0	19.679	1358.30								
T	40.879183000	-98.378040000	1883.0		359.3	-0.3	19.691	63.77								
T	40.880782000	-98.378053000	1876.6		359.6	-1.1	19.801	582.59								
T	40.883980000	-98.378088000	1873.7		359.5	-0.2	20.022	1165.21								
T	40.887613000	-98.378180000	1876.6		358.9	0.2	20.273	1323.90								
T	40.887974000	-98.378189000	1876.6		358.9	0.0	20.298	131.55								
T	40.887938000	-98.375465000	1864.9		91.0	-1.6	20.440	753.30								
T	40.887941000	-98.375344000	1864.9		88.1	-0.1	20.447	33.47								
T	40.887967000	-98.375151000	1867.1		79.9	4.1	20.457	54.20								
T	40.887935000	-98.373244000	1877.1		91.3	1.9	20.557	527.42								
T	40.887934000	-98.373179000	1877.4		91.2	1.9	20.560	17.98								
T	40.887291000	-98.373185000	1868.5		180.4	-3.8	20.604	234.28								
T	40.887104000	-98.373267000	1867.9		198.3	-0.9	20.618	71.81								
T	40.886929000	-98.373295000	1868.0		186.9	0.2	20.630	64.23								
T	40.886720000	-98.373288000	1872.3		178.5	5.6	20.645	76.17								
T	40.886532000	-98.373263000	1876.5		174.3	6.2	20.658	68.84								
T	40.886330000	-98.373265000	1880.6		180.4	5.5	20.672	73.60								
T	40.885433000	-98.373339000	1891.0		183.6	3.2	20.734	327.46								
T	40.885434000	-98.373542000	1897.6		270.4	11.7	20.744	56.13								
T	40.885384000	-98.373882000	1900.7		259.0	3.3	20.762	95.76								
T	40.885247000	-98.374257000	1883.7		244.2	-14.8	20.784	115.08								
T	40.884976000	-98.374667000	1879.3		228.8	-2.9	20.813	150.34								
T	40.884678000	-98.374894000	1880.2		209.9	0.7	20.836	125.41								
T	40.884467000	-98.374984000	1882.8		197.9	3.1	20.852	80.80								
T	40.884091000	-98.375035000	1867.2		185.9	-11.3	20.878	137.72								
T	40.883735000	-98.374923000	1859.3		166.6	-5.9	20.903	133.35								
T	40.883694000	-98.375105000	1858.3		253.4	-1.9	20.913	52.50								

