type	latitude	longitude	altitude (ft)	vmg (mph)	course	slope (%)	distance (mi)	distance_interval (ft)	color	opacity	width	scale	sym	name	desc	kml_folder
T	42.867210000	-106.337497000	5321.4				0.000		#f57c00	1.00	2.55			DL. Casper Loop		Optional Loops
T	42.867545000	-106.337432000	5322.3		8.1	0.7	0.023	123.33								
T	42.867587000	-106.337924000	5323.3		276.6	0.8	0.049	132.79								
T	42.867750000	-106.339412000	5305.0		278.5	-4.5	0.125	403.33								
T	42.867564000	-106.339444000	5307.6		187.2	3.8	0.138	68.33								
T	42.866209000	-106.339674000	5297.2		187.1	-2.1	0.232	497.69								
T	42.865737000	-106.339709000	5298.6		183.1	0.8	0.265	172.29								
T	42.865318000	-106.339602000	5292.9		169.4	-3.6	0.294	155.38								
T	42.864852000	-106.339397000	5272.8		162.1	-11.3	0.328	178.51								
T	42.864472000	-106.339083000	5249.7		148.8	-14.3	0.359	162.08								
T	42.864062000	-106.338548000	5226.9		136.3	-11.0	0.398	207.13								
T	42.863832000	-106.338076000	5220.5		123.6	-4.2	0.427	151.80								
T	42.863714000	-106.337743000	5219.0		115.8	-1.5	0.445	99.10								
T	42.863622000	-106.337341000	5215.7		107.3	-2.9	0.467	112.88								
T	42.863510000	-106.336575000	5191.8		101.3	-11.4	0.506	209.39								
T	42.863481000	-106.335919000	5168.3		93.5	-13.4	0.540	176.20								
T	42.863497000	-106.334728000	5170.6		88.9	0.7	0.600	319.38								
T	42.863493000	-106.334494000	5171.0		91.3	0.6	0.612	62.76								
T	42.863483000	-106.333937000	5161.0		91.4	-6.7	0.640	149.38								
T	42.863389000	-106.333480000	5154.7		105.7	-4.9	0.665	127.23								
T	42.863190000	-106.333105000	5173.6		125.9	15.2	0.688	123.97								
T	42.862948000	-106.332842000	5174.1		141.5	0.4	0.709	112.92								
T	42.862678000	-106.332690000	5160.4		157.6	-12.9	0.730	106.51								
T	42.862427000	-106.332631000	5151.4		170.2	-9.6	0.747	92.84								
T	42.861729000	-106.332635000	5116.9		180.2	-13.6	0.795	254.40								
T	42.859594000	-106.332664000	5116.0		180.6	-0.1	0.943	778.18								
T	42.859447000	-106.332655000	5113.4		177.4	-4.8	0.953	53.63								
T	42.859253000	-106.332674000	5111.3		184.1	-2.9	0.966	70.89								
T	42.859044000	-106.332735000	5111.3		192.1	-0.1	0.981	77.91								
T	42.858839000	-106.332842000	5112.8		200.9	1.9	0.996	80.04								
T	42.858494000	-106.333050000	5114.8		203.8	1.5	1.022	137.56								
T	42.858494000	-106.333051000	5114.8		270.0	0.0	1.022	0.27								
T	42.858410000	-106.333101000	5115.0		203.6	0.4	1.029	33.42								
T	42.858173000	-106.333256000	5114.3		205.6	-0.7	1.047	95.86								
T	42.857220000	-106.333950000	5121.4		208.1	1.8	1.121	394.05								
T	42.856970000	-106.334127000	5126.9		207.4	5.4	1.141	102.74								
T	42.856666000	-106.334272000	5129.2		199.3	1.9	1.163	117.42								
T	42.856453000	-106.334373000	5127.2		199.2	-2.4	1.179	82.22								
T	42.856253000	-106.334448000	5121.6		195.4	-7.5	1.193	75.62								
T	42.856101000	-106.334519000	5116.6		198.9	-8.6	1.204	58.58								
T	42.855932000	-106.334616000	5117.6		202.8	1.5	1.217	66.86								
T	42.855801000	-106.334726000	5118.2		211.6	1.1	1.227	56.12								
T	42.855686000	-106.334866000	5120.6		221.7	4.3	1.238	56.27								
T	42.855579000	-106.335030000	5122.0		228.3	2.4	1.249	58.78								
T	42.855438000	-106.335300000	5123.3		234.5	1.5	1.266	88.78								
T	42.854629000	-106.337044000	5136.2		237.7	2.3	1.371	552.85								
T	42.854474000	-106.337257000	5137.1		225.2	1.1	1.386	80.34								
T	42.854319000	-106.337398000	5133.9		213.7	-4.7	1.399	67.98								
T	42.854151000	-106.337489000	5127.3		201.7	-9.9	1.411	65.91								
T	42.853955000	-106.337550000	5122.6		192.9	-6.4	1.425	73.28								
T	42.853756000	-106.337558000	5122.6		181.7	-0.1	1.439	72.56								
T	42.852711000	-106.337406000	5115.6		173.9	-1.8	1.512	383.04								
T	42.852287000	-106.337370000	5118.1		176.4	1.6	1.541	154.84								
T	42.851882000	-106.337306000	5122.9		173.4	3.2	1.569	148.60								
T	42.851326000	-106.337218000	5123.9		173.4	0.5	1.608	204.01								
T	42.848640000	-106.336778000	5127.2		173.2	0.3	1.794	986.05								
T	42.848254000	-106.336769000	5131.0		179.0	2.7	1.821	140.71								
T	42.848125000	-106.336766000	5132.5		179.0	3.3	1.830	47.02								
T	42.847588000	-106.336785000	5120.5		181.5	-6.1	1.867	195.79								
T	42.846926000	-106.336843000	5101.7		183.7	-7.8	1.913	241.78								
T	42.846650000	-106.336844000	5102.0		180.2	0.3	1.932	100.59								
T	42.846110000	-106.336830000	5118.1		178.9	8.2	1.969	196.85								
T	42.845631000	-106.336856000	5121.5		182.3	2.0	2.002	174.72								
T	42.845197000	-106.336879000	5127.1		182.2	3.5	2.032	158.30								
T	42.845112000	-106.336883000	5128.9		182.0	5.7	2.038	31.00								
T	42.845023000	-106.336891000	5130.7		183.8	5.7	2.044	32.51								
T	42.844596000	-106.336917000	5129.7		182.6	-0.6	2.074	155.78								
T	42.843899000	-106.336962000	5127.6		182.7	-0.9	2.122	254.32								
T	42.842584000	-106.337026000	5133.5		182.0	1.2	2.213	479.58								
T	42.842300000	-106.337038000	5132.9		181.8	-0.6	2.232	103.56								
T	42.841511000	-106.337026000	5126.5		179.4	-2.2	2.287	287.58								
T	42.840745000	-106.337023000	5134.2		179.8	2.8	2.340	279.18								
T	42.839726000	-106.337014000	5131.2		179.6	-0.8	2.410	371.40								
T	42.838579000	-106.337056000	5152.4		181.5	5.1	2.489	418.20								
T	42.837571000	-106.337039000	5159.1		179.3	1.8	2.559	367.41								
T	42.836538000	-106.337041000	5174.3		180.1	4.0	2.630	376.49								
T	42.835673000	-106.337031000	5180.4		179.5	2.0	2.690	315.28								
T	42.835511000	-106.337036000	5181.3		181.3	1.5	2.701	59.06								
T	42.835282000	-106.337026000	5186.0		178.2	5.5	2.717	83.51								
T	42.835095000	-106.337017000	5190.5		178.0	6.6	2.730	68.20								
T	42.835060000	-106.337091000	5190.4		237.2	-0.2	2.734	23.60								
T	42.835008000	-106.337285000	5190.1		249.9	-0.6	2.745	55.38								
T	42.834568000	-106.338070000	5188.9		232.6	-0.5	2.795	264.68								
T	42.834365000	-106.338432000	5192.4		232.6	2.9	2.818	122.08								
T	42.833725000	-106.339455000	5193.5		229.5	0.3	2.886	360.15								
T	42.833106000	-106.340479000	5202.7		230.5	2.6	2.953	355.45								
T	42.832477000	-106.341502000	5198.2		230.0	-1.2	3.021	357.58								
T	42.832135000	-106.342038000	5201.2		229.0	1.6	3.057	190.29								
T	42.831984000	-106.342291000	5204.3		230.9	3.6	3.074	87.38								
T	42.831824000	-106.342609000	5208.0		235.5	3.5	3.093	103.33								
T	42.831734000	-106.342816000	5210.0		239.3	3.1	3.106	64.49								
T	42.831470000	-106.343508000	5199.5		242.5	-5.0	3.145	209.09								
T	42.831430000	-106.343616000	5197.9		243.2	-4.8	3.151	32.43								
T	42.831130000	-106.344727000	5187.5		249.8	-3.3	3.211	317.45								
T	42.831078000	-106.344954000	5191.0		252.7	5.5	3.224	63.77								
T	42.830814000	-106.346105000	5191.0		252.6	0.0	3.285	323.41								
T	42.830115000	-106.349272000	5197.7		253.3	0.8	3.453	886.95								
T	42.829885000	-106.350285000	5188.5		252.8	-3.2	3.507	284.38								
T	42.829663000	-106.351373000	5181.3		254.5	-2.4	3.564	302.87								
T	42.829456000	-106.352253000	5170.3		252.2	-4.5	3.611	247.83								
T	42.829345000	-106.352694000	5167.6		251.1	-2.1	3.635	125.03								
T	42.829196000	-106.353275000	5170.3		250.7	1.6	3.666	165.05								
T	42.828578000	-106.355021000	5170.5		244.2	0.0	3.764	519.73								
T	42.827906000	-106.356918000	5157.3		244.2	-2.3	3.871	564.77								
T	42.827531000	-106.357904000	5156.4		242.6	-0.3	3.928	297.74								
T	42.826833000	-106.359939000	5164.6		244.9	1.4	4.042	602.30								
T	42.826576000	-106.360587000	5169.5		241.6	2.5	4.079	197.47								
T	42.826384000	-106.361045000	5169.8		240.2	0.2	4.106	141.40								
T	42.826071000	-106.361801000	5162.0		240.6	-3.4	4.150	232.70								
T	42.825995000	-106.361970000	5158.9		238.5	-5.8	4.160	53.13								
T	42.825832000	-106.362330000	5154.2		238.3	-4.1	4.182	113.39								
T	42.825526000	-106.362959000	5164.2		236.4	4.9	4.220	202.27								
T	42.825104000	-106.363649000	5170.4		230.2	2.6	4.265	240.67								
T	42.824796000	-106.364135000	5176.1		229.2	3.3	4.298	172.05								
T	42.823101000	-106.366522000	5176.1		225.9	0.0	4.467	889.80								
T	42.822442000	-106.367482000	5186.9		226.9	3.1	4.533	352.17								
T	42.822240000	-106.367776000	5190.3		226.9	3.1	4.554	107.90								
T	42.822072000	-106.368078000	5185.3		232.8	-4.9	4.573	101.56								
T	42.821231000	-106.369516000	5180.1		231.4	-1.1	4.666	492.75								
T	42.821145000	-106.369663000	5180.3		231.4	0.6	4.676	50.38								
T	42.820601000	-106.370924000	5172.2		239.5	-2.1	4.750	392.14								
T	42.819149000	-106.374965000	5186.2		243.9	1.2	4.979	1206.47								
T	42.816870000	-106.381501000	5223.5		244.6	1.9	5.346	1940.44								
T	42.816321000	-106.383051000	5220.7		244.2	-0.6	5.433	461.52								
T	42.815677000	-106.384869000	5224.5		244.2	0.7	5.536	541.34								
T	42.813948000	-106.389633000	5258.5		243.7	2.4	5.806	1425.19								
T	42.813451000	-106.391140000	5265.4		245.8	1.6	5.890	443.09								
T	42.812727000	-106.393638000	5274.7		248.4	1.3	6.026	720.36								
T	42.812336000	-106.395269000	5264.6		251.9	-2.2	6.113	460.27								
T	42.812100000	-106.396120000	5247.5		249.3	-7.0	6.160	244.02								
T	42.811979000	-106.396555000	5250.7		249.2	2.5	6.183	124.78								
T	42.811704000	-106.397680000	5256.9		251.6	2.0	6.243	318.08								
T	42.811069000	-106.400083000	5248.8		250.2	-1.2	6.373	685.10								
T	42.811039000	-106.400196000	5248.5		250.1	-1.1	6.379	32.23								
T	42.810529000	-106.402109000	5250.4		250.0	0.4	6.483	545.96								
T	42.810063000	-106.403889000	5272.0		250.4	4.3	6.579	506.95								
T	42.809969000	-106.404378000	5268.6		255.3	-2.5	6.604	135.62								
T	42.809597000	-106.406527000	5259.8		256.7	-1.5	6.717	592.40								
T	42.809211000	-106.409295000	5254.6		259.2	-0.7	6.860	755.99								
T	42.808806000	-106.412205000	5219.7		259.3	-4.4	7.010	794.73								
T	42.808620000	-106.413536000	5199.2		259.2	-5.6	7.079	363.55								
T	42.808601000	-106.413675000	5194.9		259.4	-11.4	7.086	37.94								
T	42.808312000	-106.415765000	5174.5		259.3	-3.6	7.194	570.66								
T	42.808100000	-106.416929000	5173.9		256.1	-0.2	7.255	321.78								
T	42.807829000	-106.418955000	5160.1		259.7	-2.5	7.360	552.59								
T	42.807457000	-106.421530000	5154.3		258.9	-0.8	7.493	704.19								
T	42.806834000	-106.424259000	5177.8		252.7	3.1	7.639	766.74								
T	42.806135000	-106.426594000	5174.2		247.8	-0.5	7.767	676.43								
T	42.805404000	-106.428654000	5184.0		244.2	1.6	7.883	613.68								
T	42.804579000	-106.430533000	5181.7		239.1	-0.4	7.994	587.10								
T	42.803591000	-106.432362000	5197.4		233.6	2.6	8.109	608.77								
T	42.802608000	-106.433907000	5208.5		229.1	2.0	8.213	547.98								
T	42.801588000	-106.435331000	5216.4		225.7	1.5	8.314	533.16								
T	42.800322000	-106.436859000	5211.0		221.5	-0.9	8.431	617.31								
T	42.798868000	-106.438335000	5226.9		216.7	2.4	8.556	661.63								
T	42.798071000	-106.439096000	5225.1		215.0	-0.5	8.624	355.10								
T	42.796972000	-106.440146000	5229.7		215.0	0.9	8.716	489.75								
T	42.793218000	-106.443683000	5239.9		214.7	0.6	9.032	1665.31								
T	42.792532000	-106.444404000	5242.3		217.6	0.8	9.092	316.17								
T	42.787379000	-106.449184000	5325.0		214.2	3.6	9.523	2274.55								
T	42.785345000	-106.451201000	5326.0		216.0	0.1	9.696	918.00								
T	42.784046000	-106.452411000	5374.0		214.4	8.4	9.805	574.16								
T	42.782090000	-106.454128000	5364.4		212.8	-1.1	9.966	848.93								
T	42.781537000	-106.454614000	5370.4		212.8	2.5	10.011	240.09								
T	42.781533433	-106.454606309	5370.3		122.3	-4.5	10.012	2.44								
T	42.781471377	-106.454865593	5373.5		251.9	4.5	10.026	73.19								
T	42.781475000	-106.454870000	5373.5		318.2	-0.3	10.026	1.77								
T	42.781436000	-106.454930000	5373.9		228.5	1.6	10.030	21.48								
T	42.781326000	-106.455138000	5376.6		234.2	4.0	10.043	68.74								
T	42.781217000	-106.455357000	5382.5		235.9	8.3	10.057	70.96								
T	42.781132000	-106.455621000	5387.9		246.3	7.0	10.071	77.35								
T	42.781053000	-106.455907000	5396.8		249.4	10.8	10.087	82.00								
T	42.781012000	-106.456188000	5401.3		258.8	5.9	10.101	76.91								
T	42.780984000	-106.456418000	5402.0		260.6	1.1	10.113	62.59								
T	42.780982000	-106.456751000	5408.1		269.5	6.8	10.130	89.40								
T	42.781002000	-106.457064000	5414.2		275.0	7.2	10.146	84.35								
T	42.781053000	-106.457342000	5419.1		284.0	6.3	10.161	76.91								
T	42.781069000	-106.457412000	5419.7		287.3	3.5	10.164	19.68								
T	42.781127000	-106.457669000	5421.8		287.1	2.8	10.178	72.16								
T	42.781377000	-106.458446000	5442.0		293.7	8.9	10.221	227.63								
T	42.781441000	-106.458581000	5445.5		302.9	8.0	10.229	43.10								
T	42.781693000	-106.459093000	5452.4		303.8	4.2	10.261	165.32								
T	42.781903000	-106.459521000	5453.8		303.8	1.0	10.287	138.06								
T	42.782096000	-106.459845000	5456.4		309.1	2.3	10.308	111.87								
T	42.782309000	-106.460121000	5459.5		316.4	2.9	10.328	107.32								
T	42.782765000	-106.460633000	5463.8		320.5	2.0	10.369	215.67								
T	42.783333000	-106.461041000	5458.5		332.2	-2.3	10.414	234.21								
T	42.784005000	-106.461329000	5462.9		342.5	1.7	10.462	256.83								
T	42.784612000	-106.461465000	5466.8		350.7	1.8	10.505	224.22								
T	42.785484000	-106.461449000	5455.0		0.8	-3.7	10.565	317.84								
T	42.789906000	-106.461129000	5396.1		3.0	-3.6	10.870	1613.95								
T	42.793988000	-106.460734000	5324.9		4.1	-4.8	11.153	1491.52								
T	42.794508000	-106.460691000	5309.6		3.5	-8.1	11.189	189.87								
T	42.795430000	-106.460614000	5297.9		3.5	-3.5	11.253	336.67								
T	42.797759000	-106.460513000	5274.8		1.8	-2.7	11.414	849.27								
T	42.802733000	-106.460097000	5170.6		3.5	-5.7	11.758	1816.28								
T	42.803341000	-106.460057000	5177.1		2.8	2.9	11.800	221.85								
T	42.803957000	-106.459897000	5164.5		10.8	-5.6	11.843	228.58								
T	42.804900000	-106.459585000	5159.8		13.6	-1.3	11.910	353.74								
T	42.805360000	-106.459448000	5154.2		12.3	-3.3	11.942	171.64								
T	42.806404000	-106.459137000	5178.2		12.3	6.2	12.016	389.55								
T	42.807291000	-106.458834000	5226.7		14.1	14.5	12.079	333.35								
T	42.808419000	-106.458482000	5266.3		12.9	9.4	12.159	421.83								
T	42.809099000	-106.458106000	5287.8		22.1	8.0	12.210	267.59								
T	42.810154000	-106.457250000	5352.4		30.8	14.4	12.295	447.90								
T	42.811993000	-106.455675000	5387.3		32.1	4.4	12.445	792.38								
T	42.813049000	-106.454731000	5386.9		33.3	-0.1	12.532	460.75								
T	42.813817000	-106.454068000	5398.2		32.3	3.4	12.595	331.66								
T	42.814640000	-106.453561000	5380.1		24.3	-5.5	12.657	329.36								
T	42.814945000	-106.453390000	5384.6		22.4	3.8	12.680	120.26								
T	42.815205000	-106.453269000	5387.1		18.8	2.5	12.699	100.17								
T	42.815343000	-106.453220000	5386.1		14.6	-2.1	12.709	51.99								
T	42.815406000	-106.453198000	5384.9		14.4	-4.9	12.713	23.71								
T	42.815622000	-106.453121000	5380.2		14.7	-5.8	12.729	81.39								
T	42.816304000	-106.452940000	5361.6		11.0	-7.3	12.777	253.27								
T	42.816895000	-106.452869000	5361.4		5.0	-0.1	12.818	216.24								
T	42.817487000	-106.452857000	5359.3		0.9	-1.0	12.858	215.79								
T	42.821399000	-106.452865000	5313.7		359.9	-3.2	13.129	1425.79								
T	42.827111000	-106.452854000	5269.4		0.1	-2.1	13.523	2081.83								
T	42.827894000	-106.452851000	5270.4		0.2	0.3	13.577	285.38								
T	42.828306000	-106.452836000	5269.6		1.5	-0.5	13.605	150.21								
T	42.828712000	-106.452781000	5269.1		5.7	-0.4	13.633	148.71								
T	42.829152000	-106.452671000	5267.8		10.4	-0.8	13.664	163.06								
T	42.829576000	-106.452534000	5263.1		13.3	-3.0	13.694	158.84								
T	42.829917000	-106.452394000	5261.6		16.8	-1.1	13.719	129.83								
T	42.830258000	-106.452235000	5259.2		18.9	-1.8	13.744	131.40								
T	42.830684000	-106.451986000	5258.5		23.2	-0.4	13.776	169.02								
T	42.831105000	-106.451695000	5268.6		26.9	5.9	13.809	172.16								
T	42.831646000	-106.451300000	5266.0		28.2	-1.2	13.851	223.84								
T	42.832497000	-106.450677000	5280.7		28.2	4.2	13.918	352.32								
T	42.833049000	-106.450320000	5284.9		25.4	1.9	13.960	222.81								
T	42.834432000	-106.449653000	5263.7		19.5	-4.0	14.061	534.87								
T	42.835560000	-106.449174000	5246.2		17.3	-4.1	14.143	430.73								
T	42.836304000	-106.448757000	5236.9		22.3	-3.2	14.198	293.33								
T	42.836619000	-106.448540000	5235.5		26.8	-1.1	14.223	128.72								
T	42.836920000	-106.448280000	5230.6		32.4	-3.8	14.247	130.00								
T	42.837463000	-106.447758000	5226.8		35.2	-1.6	14.293	242.43								
T	42.838007000	-106.447081000	5236.5		42.4	3.6	14.344	268.86								
T	42.838719000	-106.445854000	5248.8		51.6	2.9	14.423	419.11								
T	42.840558000	-106.442144000	5259.1		55.9	0.9	14.651	1199.77								
T	42.840974000	-106.441345000	5249.6		54.6	-3.7	14.700	262.51								
T	42.841318000	-106.440505000	5256.1		60.8	2.5	14.749	257.83								
T	42.841645000	-106.439369000	5259.2		68.6	1.0	14.811	327.17								
T	42.841853000	-106.438170000	5248.8		76.7	-3.2	14.874	330.40								
T	42.841941000	-106.437146000	5225.3		83.3	-8.5	14.926	276.51								
T	42.841885000	-106.433356000	5213.0		91.2	-1.2	15.119	1016.71								
T	42.841869000	-106.432044000	5222.2		91.0	2.6	15.185	351.94								
T	42.841917000	-106.431245000	5218.1		85.3	-1.9	15.226	215.01								
T	42.842129000	-106.429821000	5221.2		78.5	0.8	15.300	389.66								
T	42.842569000	-106.426821000	5222.7		78.7	0.2	15.455	820.44								
T	42.842908000	-106.425029000	5229.5		75.5	1.4	15.549	496.25								
T	42.843219000	-106.423892000	5210.0		69.5	-6.0	15.611	325.33								
T	42.843666000	-106.422710000	5226.9		62.7	4.7	15.678	356.43								
T	42.843983000	-106.422066000	5227.7		56.1	0.4	15.718	207.80								
T	42.844458000	-106.421200000	5239.6		53.2	4.1	15.773	289.68								
T	42.845001000	-106.420381000	5240.3		47.9	0.2	15.829	295.66								
T	42.845606000	-106.419645000	5264.3		41.7	8.1	15.885	295.95								
T	42.846708000	-106.418662000	5258.1		33.2	-1.3	15.976	480.44								
T	42.849261000	-106.416721000	5298.6		29.1	3.8	16.178	1066.19								
T	42.850288000	-106.415959000	5315.7		28.5	4.0	16.258	426.46								
T	42.851028000	-106.415348000	5335.0		31.2	6.1	16.318	315.58								
T	42.851645000	-106.414675000	5339.3		38.6	1.5	16.373	288.34								
T	42.852425000	-106.413736000	5351.7		41.4	3.3	16.445	379.77								
T	42.853188000	-106.412498000	5374.0		49.9	5.1	16.527	433.07								
T	42.853708000	-106.411514000	5358.9		54.2	-4.7	16.588	324.88								
T	42.854347000	-106.409863000	5343.1		62.2	-3.2	16.683	500.24								
T	42.854868000	-106.408410000	5342.9		63.9	-0.0	16.765	433.43								
T	42.855269000	-106.407352000	5338.5		62.7	-1.4	16.825	319.14								
T	42.855631000	-106.406470000	5322.7		60.8	-5.8	16.877	270.82								
T	42.856123000	-106.405543000	5333.8		54.1	3.6	16.935	306.50								
T	42.856587000	-106.404746000	5330.6		51.5	-1.2	16.986	272.53								
T	42.857344000	-106.403954000	5291.4		37.5	-11.3	17.052	348.17								
T	42.858441000	-106.402880000	5267.4		35.7	-4.9	17.146	492.74								
T	42.859422000	-106.401859000	5248.9		37.3	-4.1	17.231	450.32								
T	42.860455000	-106.400762000	5234.2		37.9	-3.1	17.321	477.77								
T	42.860721000	-106.400479000	5231.5		37.9	-2.2	17.345	123.11								
T	42.861164000	-106.399984000	5227.6		39.3	-1.9	17.384	209.01								
T	42.861431000	-106.399618000	5227.5		45.1	-0.1	17.411	138.20								
T	42.861592000	-106.399290000	5219.0		56.2	-8.1	17.431	105.72								
T	42.861730000	-106.398953000	5216.1		60.8	-2.8	17.450	103.41								
T	42.861851000	-106.398550000	5216.7		67.7	0.5	17.472	116.71								
T	42.861976000	-106.397981000	5213.0		73.3	-2.3	17.502	159.22								
T	42.862045000	-106.397646000	5213.8		74.3	0.9	17.520	93.27								
T	42.862241000	-106.396560000	5208.4		76.2	-1.8	17.577	299.81								
T	42.862359000	-106.395712000	5201.7		79.3	-2.9	17.621	231.40								
T	42.862406000	-106.394951000	5192.5		85.2	-4.5	17.659	204.76								
T	42.862429000	-106.394275000	5196.7		87.3	2.3	17.694	181.44								
T	42.862524000	-106.382731000	5161.2		89.4	-1.1	18.280	3095.36								
T	42.862526000	-106.382246000	5163.7		89.7	1.9	18.305	130.04								
T	42.862532000	-106.381132000	5177.2		89.6	4.5	18.361	298.69								
T	42.862563000	-106.377838000	5211.7		89.3	3.9	18.529	883.25								
T	42.862610000	-106.376690000	5234.8		86.8	7.5	18.587	308.28								
T	42.862744000	-106.375424000	5262.1		81.8	8.0	18.652	342.93								
T	42.863692000	-106.368173000	5304.5		79.9	2.1	19.026	1974.57								
T	42.863793000	-106.367397000	5304.4		79.9	-0.1	19.066	211.29								
T	42.863989000	-106.365900000	5312.8		79.9	2.1	19.143	407.67								
T	42.865045000	-106.357689000	5315.8		80.0	0.1	19.566	2234.84								
T	42.865371000	-106.355206000	5308.1		79.8	-1.1	19.694	676.23								
T	42.865503000	-106.354136000	5305.7		80.4	-0.8	19.750	290.88								
T	42.865666000	-106.352823000	5310.2		80.4	1.2	19.817	357.00								
T	42.865742000	-106.352206000	5300.6		80.5	-5.7	19.849	167.72								
T	42.866028000	-106.350183000	5288.0		79.1	-2.3	19.954	552.30								
T	42.866107000	-106.349598000	5300.0		79.6	7.5	19.984	159.46								
T	42.866173000	-106.349176000	5303.5		78.0	3.1	20.006	115.67								
T	42.866244000	-106.348782000	5305.9		76.2	2.2	20.026	108.76								
T	42.866291000	-106.348568000	5305.6		73.3	-0.5	20.038	59.88								
T	42.866370000	-106.348209000	5304.1		73.3	-1.5	20.057	100.46								
T	42.866452000	-106.347860000	5304.4		72.2	0.3	20.075	98.22								
T	42.866520000	-106.347580000	5302.8		71.7	-2.0	20.090	79.05								
T	42.866594000	-106.347282000	5299.9		71.3	-3.4	20.106	84.32								
T	42.866681000	-106.346979000	5298.6		68.6	-1.5	20.123	87.20								
T	42.866773000	-106.346681000	5297.4		67.2	-1.4	20.139	86.65								
T	42.866885000	-106.346338000	5298.7		66.0	1.3	20.158	100.61								
T	42.866980000	-106.346061000	5300.9		64.9	2.8	20.174	81.94								
T	42.867100000	-106.345764000	5308.6		61.1	8.4	20.191	90.85								
T	42.867446000	-106.344948000	5317.0		59.9	3.3	20.239	252.51								
T	42.867753000	-106.344223000	5300.8		60.0	-7.2	20.281	224.28								
T	42.867871000	-106.343943000	5300.1		60.1	-0.8	20.298	86.51								
T	42.868199000	-106.343254000	5304.5		57.0	2.0	20.339	220.03								
T	42.868500000	-106.342615000	5309.8		57.3	2.6	20.378	203.43								
T	42.868717000	-106.342085000	5293.0		60.8	-10.3	20.409	162.62								
T	42.868848000	-106.341677000	5289.2		66.3	-3.2	20.431	119.35								
T	42.869016000	-106.341009000	5296.2		71.1	3.7	20.467	189.26								
T	42.869076000	-106.340394000	5303.1		82.4	4.2	20.498	166.32								
T	42.869095000	-106.340200000	5304.5		82.4	2.6	20.508	52.47								
T	42.869138000	-106.339773000	5302.7		82.2	-1.6	20.530	115.54								
T	42.869100000	-106.339543000	5299.5		102.7	-5.1	20.542	63.20								
T	42.869009000	-106.339403000	5296.0		131.6	-7.0	20.552	50.09								
T	42.868899000	-106.339317000	5293.8		150.2	-4.7	20.561	46.25								
T	42.868802000	-106.339273000	5295.3		161.6	3.9	20.568	37.27								
T	42.868661000	-106.339243000	5298.3		171.1	5.7	20.577	52.02								
T	42.867887000	-106.339387000	5304.7		187.8	2.3	20.631	284.73								
T	42.867750000	-106.339412000	5305.0		187.6	0.6	20.641	50.38								
T	42.867587000	-106.337924000	5323.3		98.5	4.5	20.717	403.33								
T	42.867157000	-106.337601000	5321.0		151.2	-1.3	20.751	179.05								

