type	latitude	longitude	altitude (ft)	vmg (mph)	course	slope (%)	distance (mi)	distance_interval (ft)	color	opacity	width	scale	sym	name	desc	kml_folder
T	42.864752000	-112.452612000	4468.3				0.000		#f57c00	1.00	2.55			GL. Pocatello Loop		Optional Loops
T	42.864714000	-112.452673000	4468.5		229.6	1.0	0.004	21.43								
T	42.864355000	-112.453245000	4472.5		229.4	2.0	0.042	201.59								
T	42.864409000	-112.453308000	4472.2		319.5	-1.3	0.047	25.94								
T	42.864586000	-112.453514000	4472.8		319.5	0.8	0.063	84.92								
T	42.864878000	-112.453856000	4469.9		319.4	-2.1	0.090	140.48								
T	42.864994000	-112.453993000	4469.8		319.1	-0.3	0.100	56.01								
T	42.865115000	-112.454135000	4470.2		319.3	0.7	0.111	58.26								
T	42.865417000	-112.454481000	4468.7		320.0	-1.0	0.139	143.95								
T	42.865875000	-112.455007000	4470.8		319.9	1.0	0.180	218.52								
T	42.866628000	-112.455879000	4472.3		319.7	0.4	0.248	360.52								
T	42.867378000	-112.456732000	4466.7		320.2	-1.6	0.316	356.40								
T	42.868121000	-112.457612000	4474.4		319.0	2.2	0.384	359.16								
T	42.868808000	-112.458415000	4473.4		319.4	-0.3	0.446	330.21								
T	42.868873000	-112.458491000	4473.7		319.4	1.0	0.452	31.25								
T	42.869652000	-112.459316000	4468.5		322.2	-1.5	0.521	359.90								
T	42.870407000	-112.460186000	4471.8		319.8	0.9	0.589	360.72								
T	42.871164000	-112.461062000	4468.5		319.7	-0.9	0.657	362.32								
T	42.871912000	-112.461926000	4468.7		319.8	0.1	0.725	357.73								
T	42.872454000	-112.462594000	4467.6		317.9	-0.4	0.776	266.63								
T	42.872585000	-112.462744000	4464.6		320.0	-4.7	0.788	62.42								
T	42.872746000	-112.462928000	4462.3		320.1	-3.0	0.802	76.66								
T	42.872809000	-112.463007000	4462.3		317.4	-0.0	0.808	31.24								
T	42.873042000	-112.463265000	4462.6		320.9	0.3	0.829	109.52								
T	42.873422000	-112.463696000	4466.3		320.3	2.0	0.863	180.36								
T	42.874183000	-112.464558000	4467.2		320.3	0.2	0.931	361.01								
T	42.874930000	-112.465432000	4470.0		319.4	0.8	0.999	359.19								
T	42.875672000	-112.466300000	4463.5		319.4	-1.8	1.067	356.76								
T	42.877198000	-112.468070000	4458.0		319.6	-0.7	1.205	731.06								
T	42.878526000	-112.469668000	4451.3		318.6	-1.0	1.328	646.34								
T	42.880008000	-112.471592000	4422.8		316.4	-3.8	1.469	746.81								
T	42.881249000	-112.473195000	4429.1		316.6	1.0	1.587	623.86								
T	42.881480000	-112.473483000	4429.1		317.6	0.0	1.609	114.23								
T	42.882739000	-112.475117000	4449.0		316.4	3.1	1.729	634.33								
T	42.883185000	-112.475703000	4441.7		316.1	-3.3	1.772	226.04								
T	42.883516000	-112.476122000	4440.3		317.2	-0.8	1.803	164.82								
T	42.883721000	-112.476363000	4440.7		319.3	0.4	1.822	98.77								
T	42.884074000	-112.476655000	4445.3		328.8	3.1	1.850	150.59								
T	42.884385000	-112.476831000	4442.3		337.5	-2.4	1.874	122.77								
T	42.884692000	-112.476952000	4439.4		343.9	-2.5	1.896	116.50								
T	42.884927000	-112.477004000	4439.7		350.8	0.3	1.912	86.78								
T	42.885157000	-112.477023000	4437.5		356.5	-2.6	1.928	83.98								
T	42.885349000	-112.477030000	4434.9		358.5	-3.8	1.941	70.00								
T	42.885660000	-112.476993000	4432.6		5.0	-2.0	1.963	113.78								
T	42.885910000	-112.476925000	4433.5		11.3	0.9	1.980	92.92								
T	42.886308000	-112.476800000	4440.3		13.0	4.5	2.009	148.88								
T	42.887540000	-112.476356000	4436.0		14.8	-0.9	2.097	464.53								
T	42.887875000	-112.476237000	4436.2		14.6	0.1	2.121	126.19								
T	42.888161000	-112.476183000	4437.1		7.9	0.9	2.140	105.24								
T	42.888355000	-112.476169000	4438.3		3.0	1.7	2.154	70.81								
T	42.888570000	-112.476158000	4438.9		2.1	0.7	2.169	78.42								
T	42.888945000	-112.476151000	4435.6		0.8	-2.4	2.195	136.69								
T	42.889951000	-112.476174000	4438.2		359.0	0.7	2.264	366.71								
T	42.890106000	-112.476190000	4436.8		355.7	-2.5	2.275	56.66								
T	42.890285000	-112.476200000	4434.8		357.7	-3.0	2.287	65.30								
T	42.890396000	-112.476203000	4437.4		358.9	6.4	2.295	40.46								
T	42.890510000	-112.476170000	4440.5		12.0	7.3	2.303	42.48								
T	42.890575000	-112.476228000	4441.2		326.8	2.7	2.308	28.33								
T	42.890662000	-112.476164000	4443.9		28.3	7.4	2.315	36.05								
T	42.891191000	-112.476809000	4442.3		318.2	-0.6	2.364	258.95								
T	42.891758000	-112.477512000	4436.8		317.7	-2.0	2.417	279.64								
T	42.892490000	-112.478403000	4448.5		318.3	3.3	2.485	358.04								
T	42.892685000	-112.478538000	4451.0		333.1	3.1	2.500	79.75								
T	42.893028000	-112.478961000	4443.8		317.9	-4.3	2.532	168.76								
T	42.893332000	-112.479406000	4436.2		313.0	-4.7	2.563	162.78								
T	42.893646000	-112.479923000	4434.1		309.7	-1.1	2.597	179.70								
T	42.893875000	-112.480363000	4439.9		305.4	3.9	2.624	144.46								
T	42.894049000	-112.480702000	4437.6		305.0	-2.0	2.645	110.79								
T	42.894245000	-112.481135000	4439.0		301.7	1.0	2.671	136.26								
T	42.894408000	-112.481529000	4437.3		299.5	-1.4	2.694	121.15								
T	42.895603000	-112.484471000	4440.6		299.0	0.4	2.864	900.70								
T	42.895898000	-112.485206000	4439.8		298.7	-0.3	2.907	224.40								
T	42.896143000	-112.485798000	4440.4		299.5	0.3	2.941	182.05								
T	42.896527000	-112.486761000	4438.4		298.6	-0.7	2.997	293.57								
T	42.896855000	-112.487574000	4429.3		298.8	-3.7	3.044	248.50								
T	42.897142000	-112.488292000	4430.4		298.6	0.5	3.086	219.00								
T	42.900178000	-112.495722000	4433.7		299.2	0.1	3.517	2277.79								
T	42.900910000	-112.497581000	4429.3		298.3	-0.8	3.624	565.07								
T	42.901156000	-112.498195000	4427.2		298.7	-1.1	3.659	187.37								
T	42.902109000	-112.500536000	4427.9		299.1	0.1	3.795	717.02								
T	42.902476000	-112.501426000	4428.4		299.4	0.2	3.847	273.42								
T	42.902564000	-112.501637000	4426.0		299.7	-3.6	3.859	65.00								
T	42.903019000	-112.502726000	4426.8		299.7	0.2	3.923	335.62								
T	42.903270000	-112.503366000	4410.0		298.2	-8.6	3.960	194.36								
T	42.903327000	-112.503511000	4409.4		298.2	-1.3	3.968	44.06								
T	42.903465000	-112.503863000	4412.6		298.2	2.9	3.988	106.89								
T	42.903522000	-112.503998000	4413.9		300.0	3.2	3.996	41.71								
T	42.903698000	-112.504418000	4421.1		299.8	5.6	4.021	129.53								
T	42.904104000	-112.505455000	4404.5		298.1	-5.3	4.080	314.80								
T	42.905094000	-112.507874000	4406.2		299.2	0.2	4.221	741.81								
T	42.905294000	-112.508351000	4409.4		299.8	2.2	4.249	147.13								
T	42.905465000	-112.508760000	4408.3		299.7	-0.9	4.273	126.07								
T	42.905746000	-112.509516000	4407.0		296.9	-0.6	4.316	226.98								
T	42.906309000	-112.510927000	4400.7		298.6	-1.5	4.397	430.15								
T	42.906701000	-112.511873000	4403.6		299.5	1.0	4.452	290.95								
T	42.906854000	-112.512256000	4401.3		298.6	-2.0	4.474	116.79								
T	42.907269000	-112.513276000	4410.9		299.1	3.1	4.533	312.35								
T	42.907728000	-112.514413000	4409.1		298.9	-0.5	4.599	347.54								
T	42.907898000	-112.514857000	4411.9		297.6	2.1	4.625	134.13								
T	42.908077000	-112.515335000	4415.1		297.1	2.2	4.652	143.73								
T	42.908249000	-112.515834000	4411.7		295.2	-2.3	4.680	147.66								
T	42.908442000	-112.516452000	4417.5		293.1	3.2	4.714	179.90								
T	42.908601000	-112.516992000	4409.2		291.9	-5.3	4.743	155.85								
T	42.908766000	-112.517601000	4402.3		290.3	-4.0	4.776	173.89								
T	42.908966000	-112.518433000	4419.9		288.2	7.5	4.821	234.52								
T	42.909294000	-112.519794000	4425.6		288.2	1.5	4.894	383.73								
T	42.909664000	-112.521349000	4436.4		288.0	2.5	4.976	437.89								
T	42.909844000	-112.522097000	4435.5		288.2	-0.4	5.016	210.87								
T	42.910253000	-112.523827000	4430.0		287.9	-1.1	5.109	486.87								
T	42.910413000	-112.524492000	4439.3		288.2	4.9	5.144	187.46								
T	42.910509000	-112.524892000	4439.9		288.1	0.5	5.165	112.73								
T	42.910644000	-112.525457000	4430.8		288.1	-5.7	5.196	159.17								
T	42.910770000	-112.526192000	4434.9		283.2	2.0	5.234	202.20								
T	42.910904000	-112.527040000	4433.7		282.2	-0.5	5.278	232.38								
T	42.910944000	-112.527229000	4431.1		286.1	-5.0	5.288	52.69								
T	42.911012000	-112.527442000	4430.3		293.6	-1.3	5.300	62.21								
T	42.911087000	-112.527636000	4432.5		297.8	3.7	5.311	58.72								
T	42.911184000	-112.527854000	4435.3		301.3	4.2	5.324	68.27								
T	42.911300000	-112.528037000	4438.5		310.9	4.8	5.336	64.74								
T	42.911435000	-112.528203000	4440.5		318.0	3.0	5.349	66.32								
T	42.911561000	-112.528334000	4442.3		322.7	3.1	5.359	57.80								
T	42.911790000	-112.528538000	4439.3		326.9	-2.9	5.378	99.77								
T	42.912176000	-112.528831000	4432.4		330.9	-4.3	5.409	161.10								
T	42.912836000	-112.529355000	4432.9		329.8	0.2	5.462	278.52								
T	42.913250000	-112.529698000	4435.5		328.8	1.5	5.495	176.67								
T	42.913634000	-112.530022000	4442.8		328.3	4.4	5.526	164.69								
T	42.913938000	-112.530273000	4444.9		328.8	1.7	5.551	129.61								
T	42.914030000	-112.529998000	4442.2		65.4	-3.3	5.566	80.94								
T	42.914094000	-112.529805000	4441.1		65.6	-2.1	5.577	56.72								
T	42.914130000	-112.529626000	4440.3		74.6	-1.6	5.586	49.72								
T	42.914134000	-112.529385000	4437.5		88.7	-4.3	5.599	64.58								
T	42.914102000	-112.529171000	4434.2		101.5	-5.6	5.610	58.50								
T	42.914012000	-112.528798000	4430.9		108.2	-3.2	5.630	105.17								
T	42.913842000	-112.528275000	4424.7		113.9	-4.0	5.659	153.20								
T	42.913624000	-112.527538000	4419.4		112.0	-2.5	5.699	212.83								
T	42.913464000	-112.527047000	4421.0		114.0	1.1	5.726	143.88								
T	42.913340000	-112.526622000	4422.5		111.7	1.2	5.749	122.50								
T	42.913255000	-112.526283000	4421.3		108.9	-1.3	5.768	95.96								
T	42.913177000	-112.525867000	4417.6		104.4	-3.2	5.789	115.01								
T	42.913136000	-112.525469000	4417.0		98.0	-0.6	5.810	107.67								
T	42.913126000	-112.525196000	4417.6		92.9	0.8	5.824	73.23								
T	42.913102000	-112.524518000	4417.3		92.8	-0.2	5.858	181.85								
T	42.913098000	-112.523140000	4400.8		90.2	-4.5	5.928	369.17								
T	42.913158000	-112.520914000	4396.3		87.9	-0.7	6.041	596.74								
T	42.913159000	-112.520466000	4400.0		89.8	3.1	6.064	120.02								
T	42.913164000	-112.520309000	4400.7		87.5	1.8	6.072	42.10								
T	42.913201000	-112.520028000	4408.8		79.8	10.5	6.086	76.48								
T	42.913255000	-112.519798000	4414.3		72.2	8.6	6.098	64.68								
T	42.913309000	-112.519621000	4417.2		67.4	5.6	6.108	51.34								
T	42.914156000	-112.517359000	4408.0		62.9	-1.4	6.237	680.08								
T	42.914683000	-112.515889000	4405.8		63.9	-0.5	6.320	438.15								
T	42.914750000	-112.515733000	4404.4		59.6	-3.0	6.329	48.40								
T	42.914798000	-112.515646000	4403.8		53.0	-1.8	6.335	29.14								
T	42.914842000	-112.515600000	4404.4		37.4	3.0	6.338	20.22								
T	42.914929000	-112.515546000	4407.0		24.4	7.2	6.345	34.85								
T	42.915021000	-112.515524000	4409.7		9.9	8.0	6.351	34.05								
T	42.915112000	-112.515511000	4410.8		6.0	3.2	6.358	33.35								
T	42.915384000	-112.515509000	4414.2		0.3	3.5	6.377	99.14								
T	42.917857000	-112.515602000	4454.8		358.4	4.5	6.547	901.68								
T	42.920621000	-112.515667000	4435.6		359.0	-1.9	6.738	1007.55								
T	42.923419000	-112.515745000	4459.7		358.8	2.4	6.931	1020.01								
T	42.924444000	-112.515741000	4466.3		0.2	1.8	7.002	373.59								
T	42.924871000	-112.515731000	4464.3		1.0	-1.3	7.032	155.65								
T	42.925109000	-112.515735000	4466.5		359.3	2.6	7.048	86.75								
T	42.925989000	-112.515721000	4473.2		0.7	2.1	7.109	320.76								
T	42.926873000	-112.515711000	4473.7		0.5	0.1	7.170	322.21								
T	42.926917000	-112.515711000	4473.4		0.0	-1.8	7.173	16.04								
T	42.927556000	-112.515716000	4474.1		359.7	0.3	7.217	232.90								
T	42.927885000	-112.515711000	4469.1		0.6	-4.2	7.240	119.92								
T	42.928601000	-112.515719000	4474.9		359.5	2.2	7.289	260.97								
T	42.928994000	-112.515743000	4473.2		357.4	-1.2	7.316	143.38								
T	42.929507000	-112.515763000	4472.5		358.4	-0.3	7.352	187.05								
T	42.934487000	-112.515960000	4473.3		358.3	0.0	7.696	1815.84								
T	42.934769000	-112.515973000	4472.9		358.1	-0.4	7.715	102.84								
T	42.935029000	-112.515985000	4470.0		358.1	-3.1	7.733	94.82								
T	42.934977000	-112.509053000	4448.8		90.6	-1.1	8.085	1856.52								
T	42.934939000	-112.506109000	4446.3		91.0	-0.3	8.234	788.54								
T	42.934950000	-112.505465000	4449.4		88.7	1.8	8.267	172.51								
T	42.934952000	-112.505393000	4449.4		87.8	-0.1	8.270	19.30								
T	42.934957000	-112.505020000	4446.3		89.0	-3.1	8.289	99.91								
T	42.934962000	-112.504115000	4452.6		89.6	2.6	8.335	242.37								
T	42.934968000	-112.503262000	4458.7		89.4	2.6	8.378	228.45								
T	42.934977000	-112.501743000	4472.8		89.5	3.5	8.455	406.81								
T	42.934982000	-112.501339000	4474.9		89.0	1.9	8.476	108.21								
T	42.935000000	-112.499190000	4464.9		89.3	-1.7	8.585	575.55								
T	42.935021000	-112.496222000	4477.0		89.4	1.5	8.735	794.88								
T	42.934980000	-112.481321000	4485.0		90.2	0.2	9.491	3990.59								
T	42.934984000	-112.476510000	4486.5		89.9	0.1	9.735	1288.41								
T	42.934972000	-112.475112000	4480.3		90.7	-1.7	9.806	374.42								
T	42.934971000	-112.474034000	4481.3		90.1	0.3	9.861	288.69								
T	42.934969000	-112.473432000	4484.4		90.3	1.9	9.891	161.22								
T	42.934970000	-112.473044000	4485.0		89.8	0.6	9.911	103.91								
T	42.934974000	-112.472251000	4485.2		89.6	0.1	9.951	212.37								
T	42.934987000	-112.472059000	4484.9		84.7	-0.6	9.961	51.64								
T	42.935003000	-112.471698000	4487.9		86.5	3.0	9.979	96.85								
T	42.935009000	-112.471543000	4488.3		87.0	1.1	9.987	41.57								
T	42.935022000	-112.470522000	4475.3		89.0	-4.7	10.039	273.47								
T	42.935011000	-112.469344000	4477.2		90.7	0.6	10.099	315.50								
T	42.935010000	-112.469035000	4473.6		90.3	-4.4	10.114	82.75								
T	42.934996000	-112.466945000	4465.3		90.5	-1.5	10.220	559.74								
T	42.934994000	-112.466566000	4460.9		90.4	-4.3	10.240	101.50								
T	42.936537000	-112.466563000	4469.1		0.1	1.5	10.346	562.38								
T	42.937416000	-112.466580000	4464.2		359.2	-1.5	10.407	320.40								
T	42.940091000	-112.466565000	4455.6		0.2	-0.9	10.592	974.98								
T	42.942287000	-112.466565000	4453.7		0.0	-0.2	10.743	800.38								
T	42.944038000	-112.466563000	4457.6		0.0	0.6	10.864	638.19								
T	42.947007000	-112.466554000	4457.2		0.1	-0.0	11.069	1082.13								
T	42.949514000	-112.466556000	4461.8		360.0	0.5	11.242	913.74								
T	42.950657000	-112.466559000	4461.9		359.9	0.0	11.321	416.59								
T	42.950938000	-112.466556000	4461.9		0.4	0.0	11.340	102.42								
T	42.951543000	-112.466556000	4461.9		0.0	0.0	11.382	220.51								
T	42.952204000	-112.466542000	4463.3		0.9	0.6	11.428	240.95								
T	42.952953000	-112.466533000	4465.8		0.5	0.9	11.479	273.00								
T	42.953110000	-112.466535000	4464.9		359.5	-1.6	11.490	57.23								
T	42.953172000	-112.466535000	4464.5		0.0	-1.7	11.495	22.60								
T	42.953713000	-112.466539000	4464.4		359.7	-0.1	11.532	197.18								
T	42.954296000	-112.466539000	4468.2		0.0	1.8	11.572	212.49								
T	42.954944000	-112.466537000	4466.8		0.1	-0.6	11.617	236.18								
T	42.955373000	-112.466538000	4469.0		359.9	1.5	11.646	156.36								
T	42.955731000	-112.466540000	4471.1		359.8	1.6	11.671	130.48								
T	42.956233000	-112.466541000	4481.3		359.9	5.5	11.706	182.97								
T	42.956442000	-112.466540000	4482.8		0.2	2.1	11.720	76.18								
T	42.956567000	-112.466539000	4482.2		0.3	-1.5	11.729	45.56								
T	42.956801000	-112.466538000	4480.0		0.2	-2.5	11.745	85.29								
T	42.957054000	-112.466536000	4475.8		0.3	-4.6	11.763	92.21								
T	42.957440000	-112.466534000	4469.2		0.2	-4.7	11.789	140.69								
T	42.957681000	-112.466533000	4468.5		0.2	-0.8	11.806	87.84								
T	42.958173000	-112.466530000	4468.3		0.3	-0.1	11.840	179.32								
T	42.958621000	-112.466527000	4463.6		0.3	-2.9	11.871	163.29								
T	42.960338000	-112.466537000	4456.9		359.8	-1.1	11.989	625.81								
T	42.960421000	-112.466537000	4456.9		0.0	0.0	11.995	30.25								
T	42.961331000	-112.466542000	4448.7		359.8	-2.5	12.058	331.67								
T	42.961501000	-112.466543000	4448.5		359.8	-0.4	12.069	61.96								
T	42.962012000	-112.466540000	4456.5		0.2	4.3	12.105	186.25								
T	42.962188000	-112.466539000	4458.5		0.2	3.2	12.117	64.15								
T	42.962425000	-112.466512000	4459.6		4.8	1.3	12.133	86.68								
T	42.962564000	-112.466497000	4461.2		4.5	3.0	12.143	50.82								
T	42.962639000	-112.466522000	4462.7		346.3	5.6	12.148	28.14								
T	42.963010000	-112.466427000	4462.9		10.6	0.1	12.174	137.59								
T	42.963406000	-112.466272000	4453.5		16.0	-6.2	12.203	150.18								
T	42.963675000	-112.466176000	4456.5		14.6	3.0	12.222	101.36								
T	42.963760000	-112.466132000	4459.5		20.7	9.1	12.228	33.14								
T	42.963993000	-112.466011000	4465.3		20.8	6.4	12.245	90.89								
T	42.964439000	-112.465735000	4462.0		24.4	-1.8	12.279	178.56								
T	42.965153000	-112.465275000	4450.3		25.2	-4.1	12.334	287.90								
T	42.965968000	-112.464744000	4445.5		25.5	-1.4	12.396	329.30								
T	42.966470000	-112.464421000	4447.1		25.2	0.7	12.435	202.37								
T	42.967176000	-112.463982000	4460.5		24.5	4.7	12.488	282.88								
T	42.968014000	-112.463439000	4455.3		25.4	-1.5	12.552	338.25								
T	42.968529000	-112.463113000	4451.7		24.9	-1.7	12.591	207.00								
T	42.969071000	-112.462773000	4454.3		24.7	1.2	12.633	217.50								
T	42.969326000	-112.462609000	4454.6		25.2	0.4	12.652	102.79								
T	42.969786000	-112.462311000	4459.4		25.4	2.5	12.687	185.66								
T	42.970189000	-112.462045000	4468.1		25.8	5.4	12.718	163.23								
T	42.970238000	-112.462015000	4468.4		24.1	1.3	12.722	19.58								
T	42.970756000	-112.461691000	4458.3		24.6	-4.8	12.761	207.76								
T	42.971188000	-112.461427000	4458.2		24.1	-0.1	12.794	172.58								
T	42.971391000	-112.461294000	4459.8		25.6	1.9	12.809	82.11								
T	42.972736000	-112.460514000	4453.1		23.0	-1.3	12.910	532.82								
T	42.973018000	-112.460330000	4455.3		25.5	1.9	12.932	113.97								
T	42.973729000	-112.459884000	4463.4		24.7	2.8	12.986	285.31								
T	42.974003000	-112.459707000	4467.7		25.3	3.9	13.007	110.53								
T	42.974818000	-112.459191000	4464.3		24.9	-1.0	13.069	327.58								
T	42.974859000	-112.459163000	4463.6		26.5	-4.3	13.072	16.72								
T	42.974925000	-112.459118000	4462.3		26.5	-4.9	13.077	26.90								
T	42.974946000	-112.459104000	4461.8		26.0	-4.9	13.079	8.52								
T	42.975519000	-112.458752000	4460.1		24.2	-0.8	13.122	229.11								
T	42.976626000	-112.458029000	4455.7		25.5	-1.0	13.207	447.47								
T	42.976732000	-112.457957000	4458.1		26.4	5.5	13.215	43.17								
T	42.977255000	-112.457638000	4468.5		24.0	5.0	13.255	208.87								
T	42.977377000	-112.457567000	4468.5		23.1	0.0	13.264	48.36								
T	42.978599000	-112.456789000	4473.5		25.0	1.0	13.357	491.65								
T	42.979334000	-112.456319000	4458.2		25.1	-5.2	13.413	295.95								
T	42.980050000	-112.455847000	4465.2		25.7	2.4	13.468	289.93								
T	42.980563000	-112.455542000	4465.4		23.5	0.1	13.507	204.01								
T	42.980833000	-112.455384000	4465.2		23.2	-0.1	13.527	107.11								
T	42.982214000	-112.454479000	4468.2		25.6	0.5	13.633	558.57								
T	42.985743000	-112.452160000	4468.6		25.7	0.0	13.903	1428.11								
T	42.986265000	-112.451832000	4463.4		24.7	-2.5	13.943	209.53								
T	42.989131000	-112.449944000	4469.1		25.7	0.5	14.163	1160.34								
T	42.990164000	-112.449270000	4465.7		25.5	-0.8	14.242	417.47								
T	42.991538000	-112.448365000	4470.0		25.7	0.8	14.347	556.26								
T	42.992791000	-112.447557000	4474.4		25.3	0.9	14.443	505.27								
T	42.993083000	-112.447369000	4474.7		25.2	0.3	14.465	117.72								
T	42.993136000	-112.447332000	4474.1		27.0	-2.9	14.469	21.71								
T	42.993194000	-112.447303000	4473.4		20.1	-3.0	14.473	22.52								
T	42.994532000	-112.446410000	4472.8		26.0	-0.1	14.576	543.05								
T	42.995630000	-112.445708000	4474.2		25.1	0.3	14.660	442.08								
T	42.996022000	-112.445490000	4471.8		22.1	-1.6	14.689	154.32								
T	42.996272000	-112.445393000	4471.8		15.8	0.0	14.707	94.74								
T	42.996707000	-112.445254000	4478.8		13.2	4.3	14.738	162.85								
T	42.997033000	-112.445168000	4478.7		10.9	-0.1	14.761	121.03								
T	42.997834000	-112.444941000	4471.1		11.7	-2.5	14.817	298.20								
T	42.998537000	-112.444766000	4468.5		10.3	-1.0	14.867	260.47								
T	43.000346000	-112.444321000	4471.8		10.2	0.5	14.994	670.00								
T	43.000988000	-112.444152000	4466.7		10.9	-2.1	15.039	238.32								
T	43.004363000	-112.443281000	4459.4		10.7	-0.6	15.276	1251.98								
T	43.006348000	-112.442776000	4458.2		10.5	-0.2	15.415	735.99								
T	43.007595000	-112.442455000	4455.4		10.7	-0.6	15.503	462.54								
T	43.010278000	-112.441765000	4466.4		10.7	1.1	15.691	995.16								
T	43.011191000	-112.441534000	4453.0		10.5	-3.9	15.755	338.46								
T	43.012160000	-112.441296000	4454.3		10.2	0.3	15.823	358.87								
T	43.012566000	-112.441176000	4454.6		12.2	0.2	15.852	151.42								
T	43.013620000	-112.440909000	4456.4		10.5	0.4	15.926	390.74								
T	43.014788000	-112.440620000	4467.4		10.3	2.5	16.008	432.67								
T	43.016411000	-112.440157000	4460.5		11.8	-1.1	16.122	604.37								
T	43.016469000	-112.440145000	4460.4		8.6	-0.7	16.126	21.38								
T	43.017598000	-112.439902000	4457.5		8.9	-0.7	16.205	416.60								
T	43.018429000	-112.439678000	4451.8		11.1	-1.9	16.264	308.75								
T	43.020312000	-112.439189000	4438.7		10.8	-1.9	16.396	698.66								
T	43.021007000	-112.439016000	4447.6		10.3	3.4	16.445	257.50								
T	43.022290000	-112.438696000	4443.3		10.3	-0.9	16.535	475.39								
T	43.023036000	-112.438528000	4445.7		9.3	0.9	16.587	275.59								
T	43.023607000	-112.438472000	4440.7		4.1	-2.4	16.627	208.66								
T	43.024417000	-112.438425000	4452.1		2.4	3.9	16.683	295.50								
T	43.024732000	-112.438398000	4452.0		3.6	-0.1	16.704	115.04								
T	43.025195000	-112.438332000	4451.1		5.9	-0.5	16.737	169.67								
T	43.026460000	-112.438023000	4452.9		10.1	0.4	16.825	468.41								
T	43.029331000	-112.437292000	4451.6		10.5	-0.1	17.027	1064.52								
T	43.030073000	-112.437101000	4457.2		10.7	2.1	17.079	275.22								
T	43.030421000	-112.437015000	4456.2		10.2	-0.8	17.103	128.91								
T	43.031380000	-112.436773000	4453.4		10.5	-0.8	17.171	355.47								
T	43.032434000	-112.436497000	4452.0		10.8	-0.3	17.245	391.19								
T	43.032785000	-112.436405000	4452.3		10.8	0.2	17.270	130.28								
T	43.033457000	-112.436238000	4456.0		10.3	1.5	17.317	248.97								
T	43.033834000	-112.436115000	4452.8		13.4	-2.3	17.343	141.29								
T	43.034527000	-112.435831000	4452.1		16.7	-0.3	17.393	263.75								
T	43.035606000	-112.435388000	4453.2		16.7	0.3	17.471	410.72								
T	43.036120000	-112.435188000	4447.8		15.9	-2.8	17.508	194.82								
T	43.036607000	-112.434998000	4445.5		15.9	-1.2	17.543	184.63								
T	43.036606000	-112.434640000	4447.3		90.2	1.8	17.561	95.72								
T	43.036606000	-112.434577000	4448.6		90.0	7.9	17.564	16.84								
T	43.036618000	-112.432029000	4454.6		89.6	0.9	17.693	681.26								
T	43.033845000	-112.432045000	4448.1		180.2	-0.6	17.885	1010.71								
T	43.033022000	-112.432099000	4451.5		182.7	1.1	17.942	300.31								
T	43.032289000	-112.432232000	4448.1		187.6	-1.2	17.993	269.52								
T	43.031958000	-112.432311000	4446.7		189.9	-1.1	18.016	122.48								
T	43.031445000	-112.432388000	4448.6		186.3	1.0	18.052	188.11								
T	43.030127000	-112.432434000	4449.6		181.5	0.2	18.143	480.54								
T	43.029323000	-112.432462000	4455.8		181.5	2.1	18.198	293.14								
T	43.029354000	-112.433166000	4460.0		273.4	2.2	18.234	188.59								
T	43.029308000	-112.434088000	4457.9		266.1	-0.8	18.281	247.11								
T	43.029323000	-112.435838000	4455.4		270.7	-0.5	18.369	467.97								
T	43.029328000	-112.436167000	4453.3		271.2	-2.3	18.386	87.99								
T	43.029330000	-112.436350000	4451.2		270.9	-4.4	18.395	48.94								
T	43.029332000	-112.436456000	4450.8		271.5	-1.5	18.401	28.35								
T	43.029334000	-112.436505000	4450.8		273.2	0.2	18.403	13.12								
T	43.029331000	-112.437292000	4451.6		269.7	0.4	18.443	210.44								
T	43.028365000	-112.437538000	4448.4		190.5	-0.9	18.511	358.18								
T	43.026460000	-112.438023000	4452.9		190.5	0.6	18.644	706.34								
T	43.025195000	-112.438332000	4451.1		190.1	-0.4	18.733	468.41								
T	43.024732000	-112.438398000	4452.0		185.9	0.5	18.765	169.67								
T	43.024417000	-112.438425000	4452.1		183.6	0.1	18.787	115.04								
T	43.023607000	-112.438472000	4440.7		182.4	-3.9	18.843	295.50								
T	43.023036000	-112.438528000	4445.7		184.1	2.4	18.883	208.66								
T	43.022290000	-112.438696000	4443.3		189.3	-0.9	18.935	275.59								
T	43.021007000	-112.439016000	4447.6		190.3	0.9	19.025	475.39								
T	43.020312000	-112.439189000	4438.7		190.3	-3.4	19.074	257.50								
T	43.018429000	-112.439678000	4451.8		190.8	1.9	19.206	698.66								
T	43.017598000	-112.439902000	4457.5		191.1	1.9	19.264	308.75								
T	43.016469000	-112.440145000	4460.4		188.9	0.7	19.343	416.60								
T	43.016411000	-112.440157000	4460.5		188.6	0.7	19.347	21.38								
T	43.014788000	-112.440620000	4467.4		191.8	1.1	19.462	604.37								
T	43.013620000	-112.440909000	4456.4		190.3	-2.5	19.544	432.67								
T	43.012566000	-112.441176000	4454.6		190.5	-0.4	19.618	390.74								
T	43.012160000	-112.441296000	4454.3		192.2	-0.2	19.646	151.42								
T	43.011191000	-112.441534000	4453.0		190.2	-0.3	19.714	358.87								
T	43.010278000	-112.441765000	4466.4		190.5	3.9	19.779	338.46								
T	43.007595000	-112.442455000	4455.4		190.7	-1.1	19.967	995.16								
T	43.006348000	-112.442776000	4458.2		190.7	0.6	20.055	462.54								
T	43.004363000	-112.443281000	4459.4		190.5	0.2	20.194	735.99								
T	43.000988000	-112.444152000	4466.7		190.7	0.6	20.431	1251.98								
T	43.000346000	-112.444321000	4471.8		190.9	2.1	20.476	238.32								
T	42.998537000	-112.444766000	4468.5		190.2	-0.5	20.603	670.00								
T	42.997834000	-112.444941000	4471.1		190.3	1.0	20.652	260.47								
T	42.997033000	-112.445168000	4478.7		191.7	2.5	20.709	298.20								
T	42.996707000	-112.445254000	4478.8		190.9	0.1	20.732	121.03								
T	42.996272000	-112.445393000	4471.8		193.2	-4.3	20.763	162.85								
T	42.996022000	-112.445490000	4471.8		195.8	0.0	20.781	94.74								
T	42.995630000	-112.445708000	4474.2		202.1	1.6	20.810	154.32								
T	42.994532000	-112.446410000	4472.8		205.1	-0.3	20.894	442.08								
T	42.993194000	-112.447303000	4473.4		206.0	0.1	20.996	543.05								
T	42.993136000	-112.447332000	4474.1		200.1	3.0	21.001	22.52								
T	42.993083000	-112.447369000	4474.7		207.1	2.9	21.005	21.71								
T	42.991538000	-112.448365000	4470.0		205.2	-0.8	21.123	622.99								
T	42.990164000	-112.449270000	4465.7		205.7	-0.8	21.228	556.26								
T	42.989131000	-112.449944000	4469.1		205.5	0.8	21.307	417.47								
T	42.986265000	-112.451832000	4463.4		205.7	-0.5	21.527	1160.34								
T	42.985743000	-112.452160000	4468.6		204.7	2.5	21.567	209.53								
T	42.982214000	-112.454479000	4468.2		205.7	-0.0	21.837	1428.11								
T	42.980833000	-112.455384000	4465.2		205.6	-0.5	21.943	558.57								
T	42.980563000	-112.455542000	4465.4		203.2	0.1	21.963	107.11								
T	42.980050000	-112.455847000	4465.2		203.5	-0.1	22.002	204.01								
T	42.979334000	-112.456319000	4458.2		205.7	-2.4	22.057	289.93								
T	42.978599000	-112.456789000	4473.5		205.1	5.2	22.113	295.95								
T	42.977377000	-112.457567000	4468.5		205.0	-1.0	22.206	491.65								
T	42.977255000	-112.457638000	4468.5		203.1	0.0	22.215	48.36								
T	42.976732000	-112.457957000	4458.1		204.0	-5.0	22.255	208.87								
T	42.976626000	-112.458029000	4455.7		206.4	-5.5	22.263	43.17								
T	42.975519000	-112.458752000	4460.1		205.5	1.0	22.348	447.47								
T	42.974946000	-112.459104000	4461.8		204.2	0.8	22.391	229.11								
T	42.974925000	-112.459118000	4462.3		206.0	4.9	22.393	8.52								
T	42.974859000	-112.459163000	4463.6		206.5	4.9	22.398	26.90								
T	42.974818000	-112.459191000	4464.3		206.5	4.3	22.401	16.72								
T	42.974003000	-112.459707000	4467.7		204.9	1.0	22.463	327.58								
T	42.973729000	-112.459884000	4463.4		205.3	-3.9	22.484	110.53								
T	42.973018000	-112.460330000	4455.3		204.7	-2.8	22.538	285.31								
T	42.972736000	-112.460514000	4453.1		205.5	-1.9	22.559	113.97								
T	42.971391000	-112.461294000	4459.8		203.0	1.3	22.660	532.82								
T	42.971188000	-112.461427000	4458.2		205.6	-1.9	22.676	82.11								
T	42.970756000	-112.461691000	4458.3		204.1	0.1	22.709	172.58								
T	42.970238000	-112.462015000	4468.4		204.6	4.8	22.748	207.76								
T	42.970189000	-112.462045000	4468.1		204.1	-1.3	22.752	19.58								
T	42.969786000	-112.462311000	4459.4		205.8	-5.4	22.783	163.23								
T	42.969326000	-112.462609000	4454.6		205.4	-2.5	22.818	185.66								
T	42.969071000	-112.462773000	4454.3		205.2	-0.4	22.837	102.79								
T	42.968529000	-112.463113000	4451.7		204.7	-1.2	22.878	217.50								
T	42.968014000	-112.463439000	4455.3		204.9	1.7	22.918	207.00								
T	42.967176000	-112.463982000	4460.5		205.4	1.5	22.982	338.25								
T	42.966470000	-112.464421000	4447.1		204.5	-4.7	23.035	282.88								
T	42.965968000	-112.464744000	4445.5		205.2	-0.7	23.074	202.37								
T	42.965153000	-112.465275000	4450.3		205.5	1.4	23.136	329.30								
T	42.964439000	-112.465735000	4462.0		205.2	4.1	23.190	287.90								
T	42.963993000	-112.466011000	4465.3		204.4	1.8	23.224	178.56								
T	42.963993000	-112.466144000	4466.8		270.0	4.4	23.231	35.60								
T	42.963994000	-112.466197000	4467.5		271.5	4.5	23.234	14.19								
T	42.964000000	-112.466607000	4472.4		271.1	4.5	23.255	109.77								
T	42.964000000	-112.467023000	4470.9		270.0	-1.4	23.276	111.35								
T	42.964001000	-112.467508000	4463.9		270.2	-5.3	23.300	129.82								
T	42.964003000	-112.468160000	4466.0		270.2	1.2	23.333	174.53								
T	42.964004000	-112.468392000	4467.4		270.3	2.4	23.345	62.10								
T	42.964007000	-112.469094000	4468.6		270.3	0.6	23.381	187.91								
T	42.964003000	-112.469773000	4473.7		269.5	2.8	23.415	181.76								
T	42.963996000	-112.470507000	4476.6		269.3	1.4	23.452	196.49								
T	42.963998000	-112.471193000	4474.2		270.2	-1.3	23.487	183.63								
T	42.964000000	-112.472069000	4480.3		270.2	2.6	23.531	234.49								
T	42.964001000	-112.472441000	4477.7		270.2	-2.6	23.550	99.58								
T	42.964003000	-112.472608000	4475.7		270.9	-4.5	23.559	44.71								
T	42.964006000	-112.473119000	4470.7		270.5	-3.7	23.585	136.79								
T	42.964000000	-112.474004000	4475.0		269.5	1.8	23.630	236.91								
T	42.964001000	-112.474145000	4473.4		270.6	-4.4	23.637	37.74								
T	42.963994000	-112.475462000	4472.6		269.6	-0.2	23.703	352.54								
T	42.963991000	-112.476471000	4484.4		269.8	4.4	23.755	270.09								
T	42.963992000	-112.478823000	4475.1		270.0	-1.5	23.874	629.58								
T	42.963985000	-112.479824000	4479.3		269.5	1.6	23.925	267.96								
T	42.963981000	-112.480239000	4474.4		269.2	-4.4	23.946	111.10								
T	42.963984000	-112.481915000	4473.9		270.1	-0.1	24.031	448.63								
T	42.963986000	-112.482127000	4473.3		270.7	-1.0	24.041	56.75								
T	42.963987000	-112.483208000	4462.3		270.1	-3.8	24.096	289.36								
T	42.963979000	-112.483917000	4461.1		269.1	-0.6	24.132	189.81								
T	42.963979000	-112.484601000	4468.1		270.0	3.8	24.167	183.09								
T	42.963977000	-112.485681000	4463.7		269.9	-1.5	24.222	289.09								
T	42.963984000	-112.486303000	4464.2		270.9	0.3	24.253	166.52								
T	42.963986000	-112.486382000	4465.1		272.0	4.4	24.257	21.16								
T	42.963985000	-112.488127000	4464.1		270.0	-0.2	24.346	467.10								
T	42.963985000	-112.488152000	4464.1		270.0	0.0	24.347	6.69								
T	42.963984000	-112.490184000	4464.1		270.0	0.0	24.450	543.92								
T	42.963978000	-112.491257000	4464.2		269.6	0.0	24.504	287.23								
T	42.963974000	-112.492124000	4465.6		269.6	0.6	24.548	232.08								
T	42.963973000	-112.495032000	4480.5		270.0	1.9	24.696	778.41								
T	42.963973000	-112.495048000	4480.4		270.0	-1.7	24.696	4.28								
T	42.963972000	-112.496233000	4476.6		269.9	-1.2	24.756	317.20								
T	42.963586000	-112.496223000	4473.9		178.9	-1.9	24.783	140.71								
T	42.962723000	-112.496205000	4467.0		179.1	-2.2	24.843	314.58								
T	42.961859000	-112.496204000	4469.5		180.0	0.8	24.902	314.91								
T	42.960909000	-112.496194000	4467.8		179.6	-0.5	24.968	346.26								
T	42.960143000	-112.496190000	4461.5		179.8	-2.3	25.021	279.19								
T	42.959354000	-112.496194000	4458.8		180.2	-1.0	25.075	287.57								
T	42.957706000	-112.496201000	4476.5		180.2	3.0	25.189	600.66								
T	42.957605000	-112.496201000	4480.1		180.0	9.7	25.196	36.81								
T	42.956751000	-112.496199000	4483.1		179.9	1.0	25.255	311.26								
T	42.955752000	-112.496195000	4472.5		179.8	-2.9	25.324	364.11								
T	42.954985000	-112.496185000	4467.6		179.5	-1.7	25.377	279.56								
T	42.954912000	-112.496184000	4467.6		179.4	0.0	25.382	26.61								
T	42.954564000	-112.496181000	4468.1		179.6	0.4	25.406	126.84								
T	42.953675000	-112.496183000	4471.2		180.1	0.9	25.467	324.02								
T	42.953547000	-112.496183000	4472.0		180.0	1.6	25.476	46.65								
T	42.950694000	-112.496217000	4473.4		180.5	0.1	25.673	1039.89								
T	42.949471000	-112.496244000	4470.1		180.9	-0.8	25.758	445.81								
T	42.949068000	-112.496245000	4475.1		180.1	3.4	25.785	146.88								
T	42.942744000	-112.496256000	4475.1		180.1	0.0	26.222	2304.94								
T	42.942191000	-112.496254000	4473.3		179.8	-0.9	26.260	201.55								
T	42.940419000	-112.496263000	4468.5		180.2	-0.7	26.382	645.85								
T	42.940051000	-112.496267000	4471.2		180.5	2.0	26.408	134.13								
T	42.938235000	-112.496272000	4471.8		180.1	0.1	26.533	661.89								
T	42.936382000	-112.496278000	4470.6		180.1	-0.2	26.661	675.37								
T	42.935021000	-112.496222000	4477.0		178.3	1.3	26.755	496.27								
T	42.934511000	-112.496264000	4479.1		183.5	1.1	26.790	186.22								
T	42.931384000	-112.496177000	4471.8		178.8	-0.6	27.006	1139.95								
T	42.927788000	-112.496120000	4471.4		179.3	-0.0	27.254	1310.73								
T	42.926114000	-112.496103000	4468.6		179.6	-0.5	27.370	610.14								
T	42.924930000	-112.496095000	4468.7		179.7	0.0	27.452	431.54								
T	42.924436000	-112.496112000	4471.8		181.4	1.7	27.486	180.11								
T	42.922718000	-112.496100000	4471.7		179.7	-0.0	27.604	626.17								
T	42.920735000	-112.496051000	4480.3		179.0	1.2	27.741	722.87								
T	42.920527000	-112.496043000	4475.9		178.4	-5.7	27.756	75.84								
T	42.920134000	-112.496031000	4466.1		178.7	-6.9	27.783	143.27								
T	42.919462000	-112.496019000	4462.8		179.3	-1.3	27.829	244.95								
T	42.916830000	-112.495974000	4466.9		179.3	0.4	28.011	959.37								
T	42.915702000	-112.495925000	4476.6		178.2	2.4	28.089	411.33								
T	42.913239000	-112.495870000	4460.7		179.1	-1.8	28.259	897.82								
T	42.912531000	-112.495857000	4454.5		179.2	-2.4	28.308	258.07								
T	42.909488000	-112.495810000	4442.3		179.4	-1.1	28.518	1109.16								
T	42.906752000	-112.495741000	4446.2		178.9	0.4	28.707	997.37								
T	42.905661000	-112.495711000	4433.9		178.8	-3.1	28.782	397.72								
T	42.904788000	-112.495710000	4432.8		180.0	-0.3	28.842	318.18								
T	42.904329000	-112.495709000	4436.3		179.9	2.1	28.874	167.29								
T	42.903252000	-112.495708000	4441.3		180.0	1.3	28.948	392.54								
T	42.901785000	-112.495713000	4438.6		180.1	-0.5	29.050	534.68								
T	42.900520000	-112.495725000	4439.4		180.4	0.2	29.137	461.07								
T	42.900178000	-112.495722000	4433.7		179.6	-4.6	29.161	124.65								
T	42.897142000	-112.488292000	4430.4		119.1	-0.1	29.592	2277.79								
T	42.896855000	-112.487574000	4429.3		118.6	-0.5	29.633	219.00								
T	42.896527000	-112.486761000	4438.4		118.8	3.7	29.680	248.50								
T	42.896143000	-112.485798000	4440.4		118.6	0.7	29.736	293.57								
T	42.895898000	-112.485206000	4439.8		119.5	-0.3	29.771	182.05								
T	42.895603000	-112.484471000	4440.6		118.7	0.3	29.813	224.40								
T	42.894408000	-112.481529000	4437.3		119.0	-0.4	29.984	900.70								
T	42.894245000	-112.481135000	4439.0		119.5	1.4	30.007	121.15								
T	42.894049000	-112.480702000	4437.6		121.7	-1.0	30.032	136.26								
T	42.893875000	-112.480363000	4439.9		125.0	2.0	30.053	110.79								
T	42.893646000	-112.479923000	4434.1		125.4	-3.9	30.081	144.46								
T	42.893332000	-112.479406000	4436.2		129.7	1.1	30.115	179.70								
T	42.893028000	-112.478961000	4443.8		133.0	4.7	30.146	162.78								
T	42.892685000	-112.478538000	4451.0		137.9	4.3	30.178	168.76								
T	42.892490000	-112.478403000	4448.5		153.1	-3.1	30.193	79.75								
T	42.891758000	-112.477512000	4436.8		138.3	-3.3	30.260	358.04								
T	42.891191000	-112.476809000	4442.3		137.7	2.0	30.313	279.64								
T	42.891090000	-112.476810000	4441.9		180.4	-1.0	30.320	36.81								
T	42.890994000	-112.476726000	4440.6		147.3	-3.1	30.328	41.61								
T	42.890891000	-112.476659000	4439.7		154.5	-2.0	30.336	41.61								
T	42.890797000	-112.476599000	4439.3		154.9	-1.1	30.343	37.85								
T	42.890690000	-112.476544000	4438.7		159.4	-1.5	30.351	41.69								
T	42.890564000	-112.476483000	4438.0		160.5	-1.6	30.360	48.75								
T	42.890394000	-112.476418000	4434.8		164.4	-4.9	30.373	64.36								
T	42.890267000	-112.476391000	4432.5		171.1	-4.9	30.382	46.85								
T	42.890121000	-112.476376000	4434.4		175.7	3.6	30.392	53.36								
T	42.890006000	-112.476370000	4435.8		177.8	3.4	30.400	41.94								
T	42.889892000	-112.476330000	4436.4		165.6	1.3	30.408	42.91								
T	42.888567000	-112.476327000	4438.6		179.9	0.5	30.499	482.92								
T	42.888261000	-112.476367000	4436.7		185.5	-1.7	30.520	112.04								
T	42.888033000	-112.476392000	4438.7		184.6	2.5	30.536	83.37								
T	42.887814000	-112.476449000	4436.8		190.8	-2.4	30.552	81.27								
T	42.887623000	-112.476509000	4436.3		193.0	-0.7	30.565	71.45								
T	42.887443000	-112.476579000	4436.6		195.9	0.4	30.578	68.23								
T	42.886356000	-112.476985000	4444.4		195.3	1.9	30.656	410.85								
T	42.885897000	-112.477133000	4435.4		193.3	-5.3	30.688	171.93								
T	42.885633000	-112.477195000	4433.2		189.8	-2.2	30.707	97.64								
T	42.885427000	-112.477221000	4433.9		185.3	0.9	30.721	75.40								
T	42.885218000	-112.477238000	4437.4		183.4	4.6	30.736	76.31								
T	42.885033000	-112.477230000	4441.6		178.2	6.1	30.748	67.46								
T	42.884805000	-112.477196000	4441.9		173.8	0.4	30.764	83.60								
T	42.884573000	-112.477133000	4443.0		168.7	1.2	30.781	86.23								
T	42.884355000	-112.477044000	4445.5		163.3	3.1	30.796	82.96								
T	42.884077000	-112.476823000	4446.8		149.8	1.1	30.819	117.37								
T	42.883680000	-112.476508000	4443.2		149.8	-2.1	30.850	167.53								
T	42.883344000	-112.476140000	4442.8		141.3	-0.3	30.880	157.24								
T	42.881387000	-112.473591000	4429.2		136.3	-1.4	31.067	987.69								
T	42.881158000	-112.473303000	4429.1		137.3	-0.0	31.089	113.69								
T	42.880714000	-112.472761000	4432.5		138.2	1.6	31.130	217.47								
T	42.880290000	-112.472300000	4429.5		141.5	-1.5	31.167	197.86								
T	42.879834000	-112.471832000	4421.8		143.1	-3.7	31.207	208.23								
T	42.879194000	-112.471319000	4424.2		149.6	0.9	31.258	270.77								
T	42.878238000	-112.470633000	4436.0		152.3	3.0	31.333	393.98								
T	42.878046000	-112.470496000	4435.8		152.4	-0.3	31.348	79.03								
T	42.877744000	-112.470272000	4439.0		151.5	2.5	31.371	125.38								
T	42.877380000	-112.469944000	4442.9		146.6	2.5	31.401	159.16								
T	42.877064000	-112.469630000	4444.9		143.9	1.4	31.428	142.65								
T	42.876566000	-112.469075000	4446.0		140.8	0.5	31.473	234.69								
T	42.875044000	-112.467310000	4457.1		139.6	1.5	31.611	729.09								
T	42.874307000	-112.466450000	4456.7		139.5	-0.1	31.678	353.98								
T	42.873537000	-112.465573000	4462.6		140.1	1.6	31.747	366.10								
T	42.872761000	-112.464764000	4464.6		142.6	0.5	31.815	356.41								
T	42.872019000	-112.463891000	4473.3		139.2	2.4	31.883	357.64								
T	42.871235000	-112.463005000	4463.1		140.4	-2.7	31.953	371.57								
T	42.870493000	-112.462131000	4471.5		139.2	2.3	32.021	357.82								
T	42.869837000	-112.461293000	4472.3		136.9	0.2	32.083	328.08								
T	42.869763000	-112.461211000	4472.1		140.9	-0.5	32.089	34.79								
T	42.869003000	-112.460351000	4475.5		140.3	1.0	32.158	360.39								
T	42.868615000	-112.459913000	4475.1		140.4	-0.3	32.193	183.81								
T	42.868245000	-112.459501000	4476.6		140.8	0.9	32.226	174.31								
T	42.867490000	-112.458624000	4471.5		139.6	-1.4	32.294	361.94								
T	42.867166000	-112.458244000	4475.5		139.3	2.5	32.324	155.96								
T	42.866746000	-112.457745000	4470.4		139.0	-2.5	32.362	203.30								
T	42.865987000	-112.456859000	4474.3		139.4	1.1	32.431	364.62								
T	42.865448000	-112.456223000	4479.0		139.1	1.8	32.480	260.13								
T	42.865236000	-112.455981000	4478.8		140.1	-0.2	32.500	100.90								
T	42.865032000	-112.455750000	4481.2		140.3	2.5	32.518	96.77								
T	42.864763000	-112.455447000	4485.9		140.5	3.7	32.542	127.33								
T	42.864487000	-112.455127000	4482.9		139.6	-2.3	32.567	132.21								
T	42.864242000	-112.454856000	4478.8		141.0	-3.5	32.589	115.12								
T	42.864145000	-112.454749000	4478.1		141.0	-1.4	32.598	45.53								
T	42.864098000	-112.454697000	4477.2		141.0	-4.0	32.602	22.09								
T	42.863711000	-112.454269000	4469.7		141.0	-4.1	32.636	181.83								
T	42.863819000	-112.454098000	4469.3		49.2	-0.7	32.648	60.43								
T	42.863940000	-112.453905000	4472.2		49.5	4.3	32.660	67.99								
T	42.864023000	-112.453774000	4474.7		49.2	5.4	32.669	46.35								
T	42.864355000	-112.453245000	4472.5		49.4	-1.2	32.705	186.43								
T	42.864714000	-112.452673000	4468.5		49.4	-2.0	32.743	201.59								
T	42.864753000	-112.452612000	4468.3		48.9	-1.0	32.747	21.67								
