type	latitude	longitude	altitude (ft)	vmg (mph)	course	slope (%)	distance (mi)	distance_interval (ft)	color	opacity	width	scale	sym	name	desc	kml_folder
T	42.322978000	-111.297547000	5997.1				0.000		#f57c00	1.00	2.55			FL. Montpelier Loop		Optional Loops
T	42.322975000	-111.297804000	5995.3		269.1	-2.6	0.013	69.51								
T	42.323595000	-111.297812000	5990.8		359.5	-2.0	0.056	225.96								
T	42.324133000	-111.297818000	5978.6		359.5	-6.2	0.093	196.07								
T	42.324201000	-111.297819000	5979.8		359.4	4.5	0.098	24.78								
T	42.324206000	-111.297304000	5981.4		89.2	1.2	0.124	139.29								
T	42.324205000	-111.296477000	5988.4		90.1	3.1	0.167	223.65								
T	42.324202000	-111.295953000	5993.9		90.4	3.9	0.193	141.71								
T	42.324204000	-111.294940000	5994.1		89.8	0.1	0.245	273.95								
T	42.324204000	-111.294803000	5994.1		90.0	0.0	0.252	37.05								
T	42.323051000	-111.294800000	6002.2		179.9	1.9	0.332	420.19								
T	42.322563000	-111.294805000	6005.3		180.4	1.7	0.366	177.85								
T	42.322162000	-111.294819000	5999.5		181.5	-4.0	0.393	146.19								
T	42.322038000	-111.294824000	5997.1		181.7	-5.3	0.402	45.21								
T	42.322040000	-111.294027000	6000.7		89.8	1.7	0.443	215.55								
T	42.322050000	-111.293559000	6002.4		88.3	1.3	0.467	126.62								
T	42.322055000	-111.293267000	6005.0		88.7	3.4	0.482	78.99								
T	42.322078000	-111.293051000	6007.1		81.8	3.6	0.493	59.01								
T	42.322136000	-111.292615000	6012.3		79.8	4.3	0.515	119.79								
T	42.322187000	-111.292292000	6013.7		77.9	1.5	0.532	89.31								
T	42.322243000	-111.291967000	6016.8		76.9	3.5	0.549	90.23								
T	42.322642000	-111.290286000	6026.9		72.2	2.1	0.640	477.30								
T	42.322788000	-111.289627000	6023.7		73.3	-1.7	0.675	185.99								
T	42.322797000	-111.289585000	6023.7		73.8	0.3	0.677	11.82								
T	42.322833000	-111.289425000	6023.6		73.1	-0.3	0.686	45.22								
T	42.322860000	-111.289303000	6023.6		73.3	0.0	0.692	34.43								
T	42.322950000	-111.288896000	6024.8		73.3	1.1	0.714	114.85								
T	42.323032000	-111.288528000	6027.7		73.2	2.8	0.734	103.91								
T	42.323161000	-111.287951000	6038.4		73.2	6.6	0.765	162.97								
T	42.323244000	-111.287575000	6045.5		73.4	6.7	0.785	106.09								
T	42.323259000	-111.287510000	6047.1		72.7	8.4	0.788	18.41								
T	42.323333000	-111.287198000	6050.4		72.2	3.8	0.805	88.58								
T	42.323404000	-111.286852000	6061.5		74.5	11.4	0.823	97.08								
T	42.323659000	-111.285713000	6061.8		73.2	0.1	0.884	321.74								
T	42.323740000	-111.285326000	6068.9		74.2	6.5	0.905	108.74								
T	42.323834000	-111.284842000	6074.6		75.3	4.2	0.931	135.30								
T	42.323916000	-111.284299000	6070.1		78.5	-3.0	0.959	149.86								
T	42.323954000	-111.283951000	6078.0		81.6	8.3	0.977	95.13								
T	42.323976000	-111.283702000	6083.4		83.2	7.9	0.990	67.81								
T	42.323980000	-111.283399000	6084.7		89.0	1.5	1.005	81.96								
T	42.323971000	-111.283085000	6081.8		92.2	-3.4	1.021	84.98								
T	42.323945000	-111.282656000	6072.6		94.7	-7.9	1.043	116.40								
T	42.323903000	-111.282360000	6069.4		100.9	-3.9	1.059	81.50								
T	42.323886000	-111.282251000	6069.0		101.9	-1.3	1.065	30.12								
T	42.323820000	-111.281823000	6071.1		101.8	1.7	1.087	118.22								
T	42.323665000	-111.281293000	6069.7		111.6	-0.9	1.116	154.06								
T	42.323553000	-111.280895000	6069.4		110.8	-0.3	1.138	115.11								
T	42.323414000	-111.280445000	6076.9		112.7	5.7	1.163	131.82								
T	42.322806000	-111.278625000	6074.3		114.3	-0.5	1.265	539.78								
T	42.322665000	-111.278164000	6070.9		112.5	-2.5	1.291	134.85								
T	42.322182000	-111.276808000	6057.3		115.7	-3.4	1.368	406.78								
T	42.321764000	-111.275545000	6070.2		114.1	3.5	1.439	374.00								
T	42.321534000	-111.274740000	6076.2		111.1	2.6	1.483	233.29								
T	42.321424000	-111.274210000	6081.3		105.7	3.5	1.511	148.84								
T	42.321406000	-111.273872000	6076.7		94.1	-5.0	1.528	91.65								
T	42.321389000	-111.273433000	6069.6		93.0	-6.0	1.551	118.89								
T	42.321370000	-111.272460000	6072.4		91.5	1.1	1.601	263.24								
T	42.321354000	-111.271068000	6075.7		90.9	0.9	1.672	376.51								
T	42.321363000	-111.269163000	6082.4		89.6	1.3	1.770	515.21								
T	42.321318000	-111.267355000	6092.6		91.9	2.1	1.862	489.25								
T	42.321286000	-111.266297000	6096.5		92.3	1.4	1.916	286.37								
T	42.321283000	-111.266208000	6097.5		92.6	3.9	1.921	24.09								
T	42.321245000	-111.265109000	6103.5		92.7	2.0	1.977	297.55								
T	42.321198000	-111.264379000	6113.4		95.0	5.0	2.015	198.17								
T	42.321126000	-111.263610000	6119.7		97.2	3.0	2.055	209.62								
T	42.321012000	-111.262270000	6121.2		96.6	0.4	2.124	364.78								
T	42.320910000	-111.261190000	6118.3		97.3	-1.0	2.179	294.44								
T	42.320722000	-111.259288000	6127.4		97.6	1.8	2.278	518.94								
T	42.320663000	-111.258597000	6132.8		96.6	2.8	2.313	188.11								
T	42.320637000	-111.258195000	6126.9		95.0	-5.4	2.334	109.13								
T	42.320632000	-111.258026000	6126.6		92.3	-0.8	2.343	45.74								
T	42.320635000	-111.257718000	6132.6		89.2	7.2	2.359	83.31								
T	42.320655000	-111.257360000	6139.1		85.7	6.7	2.377	97.10								
T	42.320773000	-111.256097000	6137.3		82.8	-0.5	2.442	344.28								
T	42.320840000	-111.255427000	6137.6		82.3	0.1	2.477	182.84								
T	42.321004000	-111.253498000	6139.9		83.4	0.4	2.576	525.11								
T	42.321030000	-111.253246000	6140.2		82.1	0.5	2.589	68.81								
T	42.321070000	-111.252913000	6142.8		80.8	2.9	2.606	91.23								
T	42.321106000	-111.252729000	6144.8		75.2	3.8	2.616	51.46								
T	42.321150000	-111.252564000	6147.8		70.2	6.3	2.625	47.42								
T	42.321225000	-111.252323000	6156.0		67.2	11.7	2.639	70.68								
T	42.321364000	-111.251976000	6170.0		61.6	13.1	2.659	106.64								
T	42.322053000	-111.250471000	6162.6		58.2	-1.6	2.749	478.24								
T	42.324937000	-111.244190000	6185.4		58.2	1.1	3.128	1997.50								
T	42.325228000	-111.243550000	6186.4		58.4	0.5	3.166	202.98								
T	42.325459000	-111.243127000	6186.8		53.5	0.3	3.193	142.03								
T	42.325583000	-111.242917000	6187.6		51.4	1.2	3.207	72.58								
T	42.325949000	-111.242363000	6193.4		48.2	2.9	3.245	200.59								
T	42.326212000	-111.241973000	6196.3		47.6	2.0	3.272	142.51								
T	42.326540000	-111.241574000	6203.8		42.0	4.7	3.302	161.03								
T	42.326742000	-111.241360000	6213.1		38.1	9.9	3.320	93.64								
T	42.327387000	-111.240765000	6223.0		34.3	3.5	3.374	284.86								
T	42.327689000	-111.240546000	6213.9		28.2	-7.3	3.398	124.98								
T	42.328222000	-111.240107000	6221.1		31.3	3.2	3.441	227.65								
T	42.328415000	-111.239913000	6213.5		36.6	-8.6	3.457	87.75								
T	42.328605000	-111.239699000	6207.0		39.8	-7.2	3.474	90.24								
T	42.328752000	-111.239523000	6213.5		41.5	9.1	3.488	71.66								
T	42.328853000	-111.239394000	6214.7		43.4	2.3	3.498	50.71								
T	42.329293000	-111.238857000	6219.8		42.1	2.4	3.539	216.33								
T	42.329392000	-111.238744000	6220.8		40.2	2.1	3.548	47.28								
T	42.329649000	-111.238347000	6228.6		48.8	5.5	3.575	142.47								
T	42.329715000	-111.238212000	6227.5		56.5	-2.5	3.583	43.72								
T	42.329786000	-111.238044000	6226.5		60.2	-2.0	3.593	52.28								
T	42.329898000	-111.237747000	6237.5		63.0	12.2	3.610	90.09								
T	42.329988000	-111.237471000	6246.4		66.2	10.9	3.625	81.52								
T	42.330008000	-111.237373000	6249.1		74.6	9.8	3.630	27.48								
T	42.330122000	-111.236818000	6248.1		74.5	-0.6	3.660	155.72								
T	42.330298000	-111.236292000	6229.1		65.6	-12.2	3.689	156.03								
T	42.330445000	-111.235916000	6228.8		62.1	-0.3	3.711	114.92								
T	42.330592000	-111.235537000	6231.8		62.3	2.6	3.733	115.64								
T	42.330854000	-111.234842000	6239.3		63.0	3.6	3.773	210.80								
T	42.330922000	-111.234642000	6241.2		65.3	3.2	3.784	59.49								
T	42.331042000	-111.234321000	6242.6		63.2	1.5	3.803	97.19								
T	42.331218000	-111.233865000	6242.7		62.4	0.0	3.829	138.99								
T	42.331542000	-111.232979000	6253.0		63.7	3.9	3.880	267.10								
T	42.331749000	-111.232422000	6257.6		63.3	2.7	3.912	168.45								
T	42.331832000	-111.232217000	6257.1		61.3	-0.8	3.923	63.15								
T	42.332050000	-111.231636000	6252.4		63.1	-2.7	3.957	176.05								
T	42.332488000	-111.230467000	6248.9		63.1	-1.0	4.024	354.12								
T	42.332845000	-111.229498000	6253.8		63.5	1.7	4.079	292.54								
T	42.333222000	-111.228481000	6256.3		63.4	0.8	4.138	307.41								
T	42.333428000	-111.227914000	6259.4		63.8	1.8	4.170	170.71								
T	42.333603000	-111.227478000	6259.3		61.5	-0.0	4.195	134.04								
T	42.333969000	-111.226464000	6286.0		64.0	8.8	4.253	304.90								
T	42.334147000	-111.225908000	6287.3		66.6	0.8	4.284	163.74								
T	42.334207000	-111.225686000	6287.1		69.9	-0.2	4.296	63.89								
T	42.334316000	-111.225285000	6282.4		69.8	-4.1	4.318	115.48								
T	42.334362000	-111.225041000	6278.0		75.7	-6.5	4.331	68.07								
T	42.334372000	-111.224988000	6276.9		75.7	-7.1	4.334	14.79								
T	42.334419000	-111.224602000	6277.3		80.6	0.4	4.354	105.77								
T	42.334466000	-111.224142000	6275.4		82.1	-1.5	4.377	125.55								
T	42.334544000	-111.223270000	6262.0		83.1	-5.6	4.422	237.49								
T	42.334638000	-111.222309000	6281.1		82.5	7.3	4.472	262.09								
T	42.334683000	-111.221856000	6285.4		82.3	3.5	4.496	123.58								
T	42.334745000	-111.221572000	6291.0		73.5	6.9	4.511	80.05								
T	42.334827000	-111.221291000	6294.8		68.5	4.6	4.526	81.65								
T	42.334983000	-111.220870000	6292.5		63.4	-1.8	4.550	127.24								
T	42.335097000	-111.220632000	6295.8		57.1	4.3	4.565	76.60								
T	42.335220000	-111.220438000	6302.4		49.4	9.5	4.578	69.00								
T	42.335358000	-111.220235000	6306.3		47.4	5.3	4.592	74.45								
T	42.335546000	-111.220013000	6312.4		41.1	6.7	4.609	91.09								
T	42.335735000	-111.219857000	6323.6		31.4	13.9	4.624	80.77								
T	42.335991000	-111.219666000	6333.8		28.9	9.5	4.645	106.64								
T	42.336259000	-111.219460000	6335.0		29.6	1.1	4.666	112.43								
T	42.336532000	-111.219234000	6344.6		31.5	8.2	4.688	116.76								
T	42.336716000	-111.219030000	6352.0		39.3	8.5	4.704	86.83								
T	42.336862000	-111.218827000	6352.4		45.8	0.6	4.719	76.44								
T	42.336992000	-111.218621000	6342.0		49.5	-14.2	4.733	73.12								
T	42.337103000	-111.218402000	6339.6		55.6	-3.4	4.746	71.71								
T	42.337221000	-111.218131000	6332.3		59.5	-8.6	4.762	84.96								
T	42.337319000	-111.217799000	6336.4		68.2	4.2	4.781	96.61								
T	42.337390000	-111.217492000	6341.3		72.6	5.6	4.797	86.95								
T	42.337424000	-111.217240000	6343.1		79.7	2.7	4.810	69.25								
T	42.337451000	-111.216931000	6344.5		83.3	1.6	4.826	84.12								
T	42.337444000	-111.216618000	6355.6		91.7	13.2	4.842	84.67								
T	42.337416000	-111.215901000	6377.7		93.0	11.4	4.879	194.13								
T	42.337406000	-111.215485000	6371.4		91.9	-5.6	4.900	112.54								
T	42.337430000	-111.215189000	6365.5		83.7	-7.3	4.916	80.51								
T	42.337465000	-111.214959000	6353.3		78.4	-19.2	4.928	63.48								
T	42.337515000	-111.214738000	6339.6		73.0	-22.0	4.940	62.47								
T	42.337601000	-111.214462000	6337.3		67.1	-2.8	4.955	80.94								
T	42.337731000	-111.214138000	6348.8		61.5	11.5	4.974	99.59								
T	42.337888000	-111.213847000	6363.4		53.9	15.1	4.992	97.28								
T	42.338062000	-111.213557000	6368.9		50.9	5.4	5.011	100.84								
T	42.338284000	-111.213306000	6368.3		39.9	-0.5	5.031	105.60								
T	42.338492000	-111.213071000	6367.3		39.9	-1.0	5.050	98.91								
T	42.339055000	-111.212573000	6367.4		33.2	0.0	5.096	245.41								
T	42.339514000	-111.212179000	6374.1		32.4	3.4	5.134	198.32								
T	42.339780000	-111.211922000	6358.1		35.5	-13.4	5.157	119.27								
T	42.340332000	-111.211427000	6353.5		33.5	-1.9	5.202	241.62								
T	42.340636000	-111.211119000	6366.4		36.8	9.3	5.229	138.59								
T	42.340944000	-111.210774000	6369.3		39.6	2.0	5.256	145.94								
T	42.341255000	-111.210344000	6359.6		45.6	-6.0	5.287	162.36								
T	42.341628000	-111.209802000	6369.4		47.0	4.9	5.325	199.88								
T	42.342479000	-111.208606000	6395.4		46.1	5.8	5.410	448.04								
T	42.343749000	-111.206885000	6395.4		45.0	0.0	5.534	656.28								
T	42.343984000	-111.206400000	6407.8		56.8	7.9	5.564	156.61								
T	42.344026000	-111.206313000	6410.0		56.8	7.9	5.569	28.06								
T	42.344324000	-111.205633000	6421.3		59.3	5.3	5.609	213.52								
T	42.344386000	-111.205423000	6423.7		68.2	4.0	5.621	61.10								
T	42.344513000	-111.204989000	6434.1		68.4	8.2	5.645	126.13								
T	42.344656000	-111.204390000	6433.0		72.1	-0.6	5.677	170.12								
T	42.344717000	-111.203710000	6410.5		83.1	-12.2	5.712	185.18								
T	42.344739000	-111.203464000	6403.6		83.1	-10.2	5.725	66.99								
T	42.344740000	-111.202565000	6405.2		89.9	0.7	5.771	243.04								
T	42.344594000	-111.201493000	6404.8		100.4	-0.1	5.827	294.66								
T	42.344320000	-111.200257000	6386.1		106.7	-5.4	5.893	348.75								
T	42.344032000	-111.199148000	6411.9		109.4	8.1	5.953	317.66								
T	42.343965000	-111.198693000	6420.6		101.3	6.9	5.977	125.41								
T	42.343933000	-111.198130000	6418.2		94.4	-1.6	6.006	152.65								
T	42.343987000	-111.197503000	6418.9		83.4	0.4	6.038	170.65								
T	42.344182000	-111.196824000	6435.8		68.8	8.6	6.075	196.84								
T	42.344338000	-111.196389000	6441.3		64.1	4.2	6.100	130.62								
T	42.344533000	-111.195675000	6444.5		69.7	1.5	6.139	205.70								
T	42.344585000	-111.195101000	6444.3		83.0	-0.1	6.168	156.33								
T	42.344518000	-111.194007000	6427.4		94.7	-5.7	6.225	296.77								
T	42.344513000	-111.193918000	6423.9		94.3	-14.6	6.229	24.13								
T	42.344379000	-111.193037000	6408.2		101.6	-6.4	6.275	243.13								
T	42.344351000	-111.192942000	6406.1		111.7	-7.7	6.281	27.64								
T	42.344192000	-111.192400000	6402.7		111.6	-2.2	6.310	157.57								
T	42.343816000	-111.191654000	6405.9		124.3	1.3	6.357	243.83								
T	42.343311000	-111.191072000	6402.4		139.6	-1.4	6.402	242.13								
T	42.342592000	-111.190225000	6402.4		139.0	0.0	6.468	347.99								
T	42.341450000	-111.189023000	6445.3		142.1	8.1	6.568	528.03								
T	42.341130000	-111.188605000	6448.0		136.0	1.7	6.599	162.39								
T	42.340875000	-111.188188000	6454.5		129.6	4.4	6.627	146.11								
T	42.340689000	-111.187839000	6454.0		125.8	-0.4	6.649	116.18								
T	42.340565000	-111.187514000	6453.9		117.3	-0.1	6.667	98.81								
T	42.340473000	-111.187261000	6456.2		116.2	3.0	6.682	76.18								
T	42.340377000	-111.186957000	6457.0		113.1	0.8	6.699	89.33								
T	42.340289000	-111.186569000	6451.4		107.1	-5.0	6.720	109.70								
T	42.340223000	-111.186112000	6448.9		101.1	-2.0	6.743	125.88								
T	42.340183000	-111.185581000	6464.6		95.8	10.9	6.771	144.30								
T	42.340187000	-111.185091000	6471.5		89.4	5.2	6.796	132.49								
T	42.340232000	-111.184524000	6461.2		83.9	-6.7	6.825	154.17								
T	42.340279000	-111.184236000	6456.0		77.5	-6.5	6.840	79.73								
T	42.340354000	-111.183867000	6457.0		74.6	0.9	6.860	103.44								
T	42.340511000	-111.183325000	6455.9		68.6	-0.7	6.890	157.31								
T	42.340667000	-111.182944000	6448.7		61.0	-6.1	6.912	117.66								
T	42.341387000	-111.181358000	6445.3		58.4	-0.7	7.007	502.71								
T	42.341919000	-111.180231000	6452.0		57.4	1.9	7.075	361.15								
T	42.342101000	-111.179834000	6446.8		58.2	-4.1	7.099	126.17								
T	42.342288000	-111.179390000	6440.5		60.3	-4.6	7.125	138.04								
T	42.342432000	-111.179021000	6445.2		62.2	4.1	7.147	112.72								
T	42.342526000	-111.178739000	6450.6		65.7	6.5	7.163	83.58								
T	42.342600000	-111.178489000	6459.6		68.2	12.3	7.176	72.77								
T	42.342669000	-111.177699000	6466.1		83.3	3.0	7.217	215.06								
T	42.342675000	-111.177390000	6461.7		88.5	-5.2	7.233	83.57								
T	42.342671000	-111.177285000	6459.9		93.0	-6.6	7.238	28.42								
T	42.342667000	-111.177183000	6457.9		93.0	-7.0	7.244	27.61								
T	42.342638000	-111.176936000	6451.5		99.0	-9.6	7.256	67.61								
T	42.342603000	-111.176716000	6444.7		102.1	-11.2	7.268	60.83								
T	42.342548000	-111.176505000	6441.3		109.4	-5.5	7.279	60.46								
T	42.342485000	-111.176295000	6441.6		112.1	0.4	7.291	61.24								
T	42.342426000	-111.176064000	6444.9		109.1	5.0	7.304	66.05								
T	42.342341000	-111.175881000	6446.6		122.1	3.0	7.315	58.37								
T	42.342299000	-111.175780000	6447.8		119.4	3.7	7.320	31.30								
T	42.342220000	-111.175598000	6452.4		120.4	8.2	7.331	57.01								
T	42.342009000	-111.175229000	6465.8		127.7	10.6	7.355	125.96								
T	42.341800000	-111.174927000	6474.3		133.1	7.6	7.376	111.66								
T	42.341509000	-111.174505000	6481.3		133.0	4.5	7.406	155.77								
T	42.341213000	-111.174004000	6503.4		128.6	12.8	7.439	173.16								
T	42.340873000	-111.173414000	6512.1		127.9	4.3	7.477	201.99								
T	42.340615000	-111.172751000	6508.5		117.8	-1.8	7.515	202.42								
T	42.340437000	-111.172227000	6496.6		114.7	-7.7	7.545	155.82								
T	42.340252000	-111.171529000	6501.5		109.7	2.5	7.583	200.40								
T	42.339070000	-111.166296000	6492.7		107.0	-0.6	7.863	1478.97								
T	42.339050000	-111.166218000	6494.1		109.1	6.1	7.867	22.31								
T	42.339004000	-111.166035000	6496.9		108.8	5.5	7.877	52.24								
T	42.338677000	-111.164546000	6547.7		106.5	12.1	7.956	419.85								
T	42.338658000	-111.164468000	6549.6		108.2	8.6	7.961	22.20								
T	42.338396000	-111.163401000	6551.0		108.4	0.5	8.018	303.88								
T	42.338293000	-111.163139000	6543.7		118.0	-9.1	8.033	80.17								
T	42.338164000	-111.162808000	6532.4		117.8	-11.3	8.052	101.09								
T	42.338143000	-111.162768000	6530.6		125.4	-13.5	8.055	13.25								
T	42.337916000	-111.162319000	6524.5		124.4	-4.1	8.083	146.91								
T	42.337833000	-111.162154000	6526.9		124.2	4.4	8.093	53.90								
T	42.337446000	-111.161555000	6556.9		131.2	14.0	8.134	214.76								
T	42.337120000	-111.161153000	6576.9		137.7	12.4	8.164	161.02								
T	42.336863000	-111.160896000	6587.3		143.5	8.9	8.186	116.62								
T	42.336522000	-111.160593000	6585.9		146.7	-1.0	8.214	148.85								
T	42.336026000	-111.160245000	6590.4		152.6	2.2	8.253	203.78								
T	42.334814000	-111.159674000	6631.4		160.8	8.8	8.342	467.90								
T	42.334154000	-111.159309000	6646.1		157.8	5.6	8.391	259.99								
T	42.333712000	-111.158890000	6652.1		145.0	3.1	8.428	196.93								
T	42.333254000	-111.158292000	6609.9		136.0	-18.2	8.472	232.39								
T	42.333007000	-111.157849000	6587.6		127.0	-14.9	8.501	149.84								
T	42.332857000	-111.157478000	6582.3		118.7	-4.7	8.522	114.25								
T	42.332710000	-111.156994000	6610.6		112.3	20.0	8.549	141.41								
T	42.332564000	-111.156334000	6658.0		106.7	25.5	8.584	186.23								
T	42.332538000	-111.155981000	6672.1		95.7	14.6	8.602	95.92								
T	42.332530000	-111.155783000	6681.1		93.1	16.9	8.613	53.62								
T	42.332524000	-111.155629000	6689.1		93.0	19.1	8.621	41.70								
T	42.332533000	-111.155233000	6699.8		88.2	10.0	8.641	107.13								
T	42.332748000	-111.153035000	6736.6		82.5	6.1	8.754	599.48								
T	42.332845000	-111.152255000	6751.3		80.5	6.9	8.795	213.85								
T	42.332936000	-111.151720000	6758.3		77.0	4.7	8.823	148.42								
T	42.333045000	-111.151197000	6757.9		74.3	-0.3	8.851	146.89								
T	42.333934000	-111.147351000	6860.1		72.6	9.4	9.057	1089.24								
T	42.334148000	-111.146426000	6884.4		72.6	9.3	9.107	261.99								
T	42.334258000	-111.145868000	6905.0		75.1	13.2	9.136	156.11								
T	42.334372000	-111.145305000	6911.6		74.7	4.2	9.166	157.80								
T	42.334439000	-111.144496000	6912.4		83.6	0.4	9.208	220.11								
T	42.334411000	-111.143688000	6895.3		92.7	-7.8	9.249	218.72								
T	42.334313000	-111.143001000	6890.5		100.9	-2.5	9.285	189.16								
T	42.334130000	-111.142281000	6895.5		109.0	2.4	9.324	205.79								
T	42.333959000	-111.141782000	6912.4		114.9	11.4	9.352	148.62								
T	42.333739000	-111.141303000	6919.1		121.9	4.4	9.381	152.33								
T	42.333495000	-111.140872000	6935.5		127.4	11.2	9.409	146.59								
T	42.333255000	-111.140543000	6946.1		134.6	8.6	9.432	124.76								
T	42.332901000	-111.140112000	6935.4		138.0	-6.2	9.465	173.85								
T	42.332265000	-111.139506000	6947.4		144.8	4.2	9.519	283.85								
T	42.332226000	-111.139471000	6948.7		146.4	7.5	9.522	17.08								
T	42.332014000	-111.139281000	6946.0		146.5	-2.9	9.540	92.78								
T	42.331901000	-111.139173000	6941.5		144.8	-8.9	9.550	50.48								
T	42.331818000	-111.139093000	6937.9		144.5	-9.5	9.557	37.19								
T	42.331331000	-111.138615000	6929.0		144.0	-4.1	9.598	219.56								
T	42.331150000	-111.138400000	6927.9		138.7	-1.2	9.615	87.93								
T	42.330986000	-111.138150000	6923.1		131.6	-5.3	9.632	90.23								
T	42.330800000	-111.137812000	6922.3		126.7	-0.7	9.653	113.79								
T	42.330656000	-111.137457000	6935.7		118.8	12.3	9.674	109.40								
T	42.330546000	-111.137084000	6947.9		111.7	11.3	9.695	108.54								
T	42.330436000	-111.136541000	6933.8		105.3	-9.3	9.724	152.21								
T	42.330384000	-111.136054000	6887.0		98.2	-35.2	9.749	133.05								
T	42.330389000	-111.135620000	6857.0		89.1	-25.5	9.771	117.37								
T	42.330423000	-111.135257000	6841.5		82.8	-15.7	9.790	98.94								
T	42.330484000	-111.134913000	6827.8		76.5	-14.3	9.808	95.64								
T	42.330580000	-111.134528000	6823.0		71.4	-4.4	9.829	109.83								
T	42.330661000	-111.134305000	6825.8		63.8	4.2	9.841	67.14								
T	42.330852000	-111.133877000	6831.5		58.9	4.2	9.867	135.05								
T	42.331028000	-111.133567000	6838.7		52.5	6.9	9.887	105.55								
T	42.331310000	-111.133217000	6835.9		42.5	-2.1	9.913	139.71								
T	42.331500000	-111.133015000	6827.6		38.2	-9.3	9.930	88.19								
T	42.331969000	-111.132591000	6798.9		33.8	-13.9	9.969	205.81								
T	42.335072000	-111.129894000	6640.5		32.7	-11.8	10.224	1345.59								
T	42.335646000	-111.129341000	6615.7		35.5	-9.6	10.273	257.13								
T	42.336031000	-111.128931000	6605.8		38.2	-5.5	10.306	178.82								
T	42.336390000	-111.128464000	6604.0		43.9	-1.0	10.341	181.83								
T	42.336823000	-111.127862000	6596.6		45.8	-3.3	10.384	226.71								
T	42.338322000	-111.125215000	6569.2		52.5	-3.0	10.554	900.36								
T	42.338832000	-111.124405000	6545.9		49.6	-8.1	10.609	287.24								
T	42.339364000	-111.123721000	6548.7		43.5	1.1	10.659	267.94								
T	42.339857000	-111.123172000	6521.8		39.5	-11.6	10.704	233.05								
T	42.340385000	-111.122694000	6509.4		33.8	-5.4	10.748	231.79								
T	42.340993000	-111.122221000	6514.7		29.9	2.1	10.796	255.83								
T	42.342899000	-111.120971000	6449.8		25.9	-8.4	10.942	772.46								
T	42.343412000	-111.120589000	6428.6		28.8	-9.9	10.983	213.58								
T	42.343824000	-111.120175000	6422.2		36.6	-3.4	11.018	187.27								
T	42.344205000	-111.119649000	6412.4		45.6	-4.9	11.056	198.75								
T	42.344452000	-111.119225000	6408.3		51.8	-2.9	11.083	145.75								
T	42.344683000	-111.118720000	6408.3		58.2	0.0	11.114	160.39								
T	42.344879000	-111.118177000	6402.4		64.0	-3.6	11.145	163.25								
T	42.345015000	-111.117662000	6393.2		70.3	-6.2	11.173	147.79								
T	42.345114000	-111.117085000	6386.5		76.9	-4.1	11.203	160.11								
T	42.345168000	-111.115931000	6387.1		86.4	0.2	11.262	312.60								
T	42.345184000	-111.114938000	6391.6		88.8	1.7	11.313	268.52								
T	42.345215000	-111.111909000	6381.0		89.2	-1.3	11.468	818.96								
T	42.345230000	-111.111665000	6378.4		85.2	-4.0	11.481	66.19								
T	42.345253000	-111.111297000	6371.3		85.2	-7.1	11.500	99.84								
T	42.345343000	-111.110735000	6361.8		77.8	-6.1	11.529	155.43								
T	42.345421000	-111.110373000	6351.6		73.7	-10.0	11.548	101.91								
T	42.345567000	-111.109879000	6344.4		68.2	-5.0	11.576	143.76								
T	42.345778000	-111.109326000	6328.8		62.7	-9.3	11.607	168.12								
T	42.346362000	-111.108057000	6319.2		58.1	-2.4	11.684	403.72								
T	42.349372000	-111.101585000	6274.0		57.8	-2.2	12.075	2065.05								
T	42.349905000	-111.100469000	6263.7		57.1	-2.9	12.143	358.81								
T	42.350718000	-111.098717000	6254.8		57.9	-1.6	12.249	558.65								
T	42.352888000	-111.094050000	6232.8		57.8	-1.5	12.531	1488.95								
T	42.353258000	-111.093244000	6235.1		58.2	0.9	12.579	256.22								
T	42.353612000	-111.092497000	6246.8		57.3	4.9	12.625	239.62								
T	42.353981000	-111.091701000	6254.8		57.9	3.2	12.673	253.73								
T	42.354323000	-111.090984000	6239.7		57.2	-6.5	12.716	230.43								
T	42.355155000	-111.089180000	6228.0		58.0	-2.0	12.825	574.21								
T	42.356134000	-111.087070000	6222.1		57.9	-0.9	12.953	672.74								
T	42.356368000	-111.086569000	6224.9		57.7	1.8	12.983	160.03								
T	42.356588000	-111.086062000	6225.4		59.6	0.3	13.013	158.77								
T	42.356765000	-111.085608000	6219.9		62.2	-4.0	13.039	138.64								
T	42.356965000	-111.085054000	6214.5		64.0	-3.3	13.071	166.54								
T	42.357285000	-111.084077000	6199.1		66.1	-5.3	13.125	288.68								
T	42.357426000	-111.083614000	6200.8		67.6	1.3	13.151	135.28								
T	42.357567000	-111.083106000	6198.9		69.4	-1.3	13.179	146.61								
T	42.357711000	-111.082533000	6203.9		71.2	3.0	13.210	163.53								
T	42.357822000	-111.082042000	6206.8		73.0	2.1	13.236	138.74								
T	42.357927000	-111.081572000	6203.0		73.2	-2.9	13.261	132.68								
T	42.358022000	-111.081083000	6203.7		75.3	0.5	13.287	136.63								
T	42.358109000	-111.080593000	6202.3		76.5	-1.0	13.313	136.18								
T	42.358182000	-111.080147000	6207.5		77.5	4.2	13.336	123.45								
T	42.358272000	-111.079513000	6220.0		79.1	7.2	13.369	174.47								
T	42.358350000	-111.078874000	6223.8		80.6	2.1	13.402	175.04								
T	42.358400000	-111.078335000	6217.2		82.8	-4.5	13.430	146.82								
T	42.358435000	-111.077803000	6196.9		84.9	-14.1	13.458	144.36								
T	42.358455000	-111.077387000	6189.6		86.3	-6.5	13.479	112.68								
T	42.358477000	-111.076746000	6183.6		87.3	-3.5	13.512	173.44								
T	42.358491000	-111.074752000	6181.1		89.5	-0.5	13.614	538.98								
T	42.358492000	-111.074596000	6181.7		89.5	1.5	13.622	42.17								
T	42.358484000	-111.069640000	6178.8		90.1	-0.2	13.876	1339.56								
T	42.358484000	-111.065636000	6188.0		90.0	0.8	14.081	1082.24								
T	42.358490000	-111.064774000	6189.8		89.5	0.8	14.125	233.00								
T	42.358479000	-111.056889000	6177.2		90.1	-0.6	14.528	2131.23								
T	42.358486000	-111.056316000	6174.5		89.1	-1.7	14.558	154.90								
T	42.358510000	-111.055928000	6174.5		85.2	0.0	14.578	105.24								
T	42.358534000	-111.055678000	6177.7		82.6	4.6	14.590	68.14								
T	42.358564000	-111.055442000	6181.7		80.2	6.1	14.603	64.72								
T	42.358603000	-111.055220000	6184.2		76.6	4.1	14.614	61.66								
T	42.358679000	-111.054856000	6182.7		74.2	-1.5	14.634	102.21								
T	42.358762000	-111.054556000	6181.1		69.5	-1.8	14.650	86.54								
T	42.358853000	-111.054273000	6181.1		66.5	0.0	14.666	83.37								
T	42.359015000	-111.053852000	6181.1		62.5	0.0	14.690	128.19								
T	42.359051000	-111.053769000	6181.1		59.6	0.0	14.695	25.99								
T	42.359118000	-111.053614000	6181.1		59.7	0.0	14.704	48.49								
T	42.359361000	-111.053129000	6183.8		55.9	1.7	14.734	158.20								
T	42.359533000	-111.052840000	6184.4		51.2	0.6	14.753	100.15								
T	42.359681000	-111.052632000	6182.7		46.1	-2.2	14.768	77.91								
T	42.360041000	-111.052185000	6177.8		42.5	-2.7	14.802	178.35								
T	42.360116000	-111.052107000	6177.8		37.5	0.0	14.808	34.52								
T	42.360254000	-111.051964000	6177.8		37.4	0.0	14.820	63.43								
T	42.360056000	-111.051519000	6179.6		121.1	1.2	14.847	140.26								
T	42.359951000	-111.051305000	6182.3		123.6	3.9	14.860	69.35								
T	42.359846000	-111.051126000	6185.9		128.4	5.9	14.872	61.68								
T	42.359697000	-111.050894000	6192.8		131.0	8.3	14.887	82.95								
T	42.359492000	-111.050620000	6199.3		135.4	6.2	14.907	105.20								
T	42.359181000	-111.050262000	6207.5		139.6	5.6	14.936	149.03								
T	42.358973000	-111.050064000	6205.3		144.9	-2.4	14.953	92.79								
T	42.358942000	-111.050040000	6204.9		150.2	-3.4	14.956	13.03								
T	42.358673000	-111.049829000	6202.6		149.9	-2.0	14.977	113.42								
T	42.358539000	-111.049740000	6202.8		153.9	0.4	14.987	54.44								
T	42.358464000	-111.049690000	6202.9		153.8	0.4	14.993	30.49								
T	42.358404000	-111.049658000	6202.9		158.5	0.1	14.998	23.51								
T	42.358192000	-111.049552000	6203.8		159.7	1.0	15.013	82.40								
T	42.357977000	-111.049459000	6203.9		162.3	0.1	15.029	82.29								
T	42.357483000	-111.049297000	6205.8		166.4	1.0	15.064	185.28								
T	42.357009000	-111.049160000	6204.1		167.9	-0.9	15.097	176.67								
T	42.356401000	-111.048974000	6209.6		167.3	2.4	15.140	227.21								
T	42.354688000	-111.048471000	6207.4		167.8	-0.3	15.261	638.91								
T	42.351504000	-111.047527000	6210.3		167.6	0.2	15.486	1188.09								
T	42.350643000	-111.047305000	6215.5		169.2	1.6	15.547	319.47								
T	42.350280000	-111.047230000	6217.1		171.3	1.2	15.572	133.83								
T	42.349761000	-111.047146000	6214.0		173.2	-1.6	15.608	190.50								
T	42.349385000	-111.047093000	6209.7		174.1	-3.1	15.634	137.77								
T	42.348772000	-111.047050000	6204.9		177.0	-2.2	15.677	223.70								
T	42.348082000	-111.047032000	6204.1		178.9	-0.3	15.724	251.51								
T	42.344005000	-111.047030000	6224.1		180.0	1.3	16.006	1485.80								
T	42.342210000	-111.047028000	6219.5		180.0	-0.7	16.130	654.16								
T	42.338286000	-111.047048000	6214.0		180.2	-0.4	16.401	1430.05								
T	42.329456000	-111.047061000	6222.4		180.1	0.3	17.010	3217.96								
T	42.327997000	-111.047071000	6215.7		180.3	-1.3	17.111	531.72								
T	42.321890000	-111.047073000	6230.6		180.0	0.7	17.532	2225.60								
T	42.314918000	-111.047062000	6243.0		179.9	0.5	18.014	2540.84								
T	42.311152000	-111.047143000	6219.4		180.9	-1.7	18.273	1372.63								
T	42.307345000	-111.047203000	6217.7		180.7	-0.1	18.536	1387.49								
T	42.301886000	-111.047209000	6181.9		180.0	-1.8	18.913	1989.44								
T	42.298868000	-111.047208000	6178.2		180.0	-0.3	19.121	1099.86								
T	42.294992000	-111.047213000	6164.9		180.1	-0.9	19.389	1412.54								
T	42.292717000	-111.047216000	6148.4		180.1	-2.0	19.546	829.08								
T	42.288237000	-111.047216000	6166.0		180.0	1.1	19.855	1632.66								
T	42.285468000	-111.047219000	6177.9		180.0	1.2	20.046	1009.11								
T	42.281747000	-111.047212000	6184.4		179.9	0.5	20.303	1356.05								
T	42.281503000	-111.047201000	6186.2		178.1	2.0	20.320	88.97								
T	42.281228000	-111.047181000	6187.5		176.9	1.3	20.339	100.36								
T	42.280914000	-111.047137000	6188.4		174.1	0.8	20.361	115.05								
T	42.280644000	-111.047081000	6190.4		171.3	2.1	20.380	99.56								
T	42.280432000	-111.047038000	6189.5		171.5	-1.2	20.394	78.13								
T	42.279859000	-111.046860000	6190.5		167.1	0.5	20.435	214.30								
T	42.279498000	-111.046728000	6193.0		164.9	1.9	20.461	136.32								
T	42.278872000	-111.046431000	6197.3		160.7	1.8	20.507	241.88								
T	42.278514000	-111.046209000	6195.0		155.4	-1.6	20.534	143.64								
T	42.278207000	-111.046001000	6199.7		153.4	3.8	20.558	125.24								
T	42.276856000	-111.044936000	6200.5		149.7	0.1	20.666	570.51								
T	42.276699000	-111.044816000	6200.1		150.5	-0.7	20.678	65.79								
T	42.276231000	-111.044447000	6200.8		149.7	0.4	20.715	197.64								
T	42.275822000	-111.044131000	6210.6		150.2	5.7	20.748	171.85								
T	42.275512000	-111.043905000	6209.6		151.7	-0.8	20.772	128.47								
T	42.275191000	-111.043696000	6206.3		154.3	-2.5	20.797	129.94								
T	42.274925000	-111.043546000	6207.6		157.4	1.2	20.817	105.10								
T	42.274648000	-111.043395000	6209.9		158.0	2.2	20.837	108.91								
T	42.274499000	-111.043320000	6210.8		159.6	1.5	20.848	57.97								
T	42.274208000	-111.043196000	6206.7		162.5	-3.7	20.870	111.23								
T	42.273872000	-111.043078000	6204.1		165.4	-2.1	20.893	126.55								
T	42.273411000	-111.042937000	6205.1		167.2	0.6	20.926	172.28								
T	42.273024000	-111.042848000	6206.5		170.3	1.0	20.953	143.08								
T	42.272694000	-111.042804000	6206.1		174.4	-0.4	20.976	120.85								
T	42.272352000	-111.042767000	6202.5		175.4	-2.8	21.000	125.04								
T	42.271447000	-111.042757000	6196.9		179.5	-1.7	21.062	329.82								
T	42.267346000	-111.042740000	6181.5		179.8	-1.0	21.345	1494.54								
T	42.265597000	-111.042750000	6177.8		180.2	-0.6	21.466	637.39								
T	42.263439000	-111.042737000	6168.9		179.7	-1.1	21.615	786.45								
T	42.259957000	-111.042734000	6167.6		180.0	-0.1	21.855	1268.95								
T	42.256424000	-111.042741000	6158.2		180.1	-0.7	22.099	1287.53								
T	42.249213000	-111.042756000	6189.9		180.1	1.2	22.597	2627.91								
T	42.245731000	-111.042733000	6183.2		179.7	-0.5	22.837	1268.96								
T	42.244460000	-111.042702000	6170.9		179.0	-2.6	22.925	463.27								
T	42.243407000	-111.042686000	6164.4		179.4	-1.7	22.998	383.77								
T	42.241552000	-111.042668000	6141.1		179.6	-3.4	23.126	676.03								
T	42.234781000	-111.042603000	6101.6		179.6	-1.6	23.593	2467.61								
T	42.233378000	-111.042583000	6098.1		179.4	-0.7	23.690	511.32								
T	42.227525000	-111.042500000	6079.7		179.4	-0.9	24.094	2133.12								
T	42.218865000	-111.042587000	6098.1		180.4	0.6	24.692	3156.03								
T	42.216691000	-111.042597000	6104.2		180.2	0.8	24.842	792.27								
T	42.215712000	-111.042610000	6112.0		180.6	2.2	24.909	356.79								
T	42.215008000	-111.042620000	6110.8		180.6	-0.5	24.958	256.57								
T	42.213514000	-111.042626000	6103.6		180.2	-1.3	25.061	544.46								
T	42.213146000	-111.042628000	6102.6		180.2	-0.8	25.086	134.11								
T	42.213294000	-111.044913000	6089.4		275.0	-2.1	25.204	621.38								
T	42.213408000	-111.046500000	6069.6		275.5	-4.6	25.286	431.94								
T	42.213409000	-111.046518000	6069.6		274.3	0.0	25.287	4.89								
T	42.213411000	-111.046538000	6069.6		277.7	0.0	25.288	5.47								
T	42.213445000	-111.047036000	6069.3		275.3	-0.2	25.313	135.48								
T	42.213661000	-111.050232000	6060.2		275.2	-1.1	25.478	869.40								
T	42.213877000	-111.053654000	6060.2		274.9	-0.0	25.654	930.38								
T	42.214125000	-111.057298000	6065.5		275.3	0.5	25.842	991.32								
T	42.214284000	-111.059721000	6064.4		275.1	-0.2	25.967	658.96								
T	42.214332000	-111.060537000	6069.4		274.5	2.3	26.009	221.75								
T	42.214363000	-111.061342000	6069.9		273.0	0.2	26.050	218.37								
T	42.214368000	-111.062071000	6062.5		270.5	-3.8	26.088	197.50								
T	42.214361000	-111.062622000	6064.0		269.0	1.0	26.116	149.29								
T	42.214337000	-111.063314000	6063.7		267.3	-0.1	26.151	187.67								
T	42.214284000	-111.064135000	6064.9		265.0	0.5	26.194	223.25								
T	42.214216000	-111.064938000	6072.6		263.5	3.5	26.235	218.94								
T	42.214135000	-111.065604000	6065.7		260.7	-3.7	26.270	182.82								
T	42.214033000	-111.066320000	6064.7		259.1	-0.5	26.307	197.50								
T	42.213480000	-111.069581000	6062.1		257.1	-0.3	26.479	906.13								
T	42.213432000	-111.069862000	6061.8		257.0	-0.4	26.494	78.11								
T	42.212024000	-111.078025000	6058.8		256.9	-0.1	26.924	2270.21								
T	42.211499000	-111.081085000	6060.7		257.0	0.2	27.085	850.80								
T	42.211339000	-111.082001000	6063.7		256.7	1.2	27.133	254.92								
T	42.210291000	-111.088152000	6113.8		257.0	2.9	27.457	1709.64								
T	42.209500000	-111.092720000	6180.3		256.8	5.2	27.697	1270.71								
T	42.209197000	-111.094461000	6211.9		256.8	6.5	27.789	484.44								
T	42.208901000	-111.096217000	6229.8		257.2	3.7	27.882	487.83								
T	42.208534000	-111.098331000	6265.5		256.8	6.1	27.993	588.15								
T	42.208088000	-111.100941000	6226.5		257.0	-5.4	28.130	725.57								
T	42.207861000	-111.102218000	6221.5		256.5	-1.4	28.198	355.73								
T	42.207772000	-111.102741000	6226.0		257.1	3.1	28.225	145.36								
T	42.207716000	-111.103118000	6236.5		258.7	10.1	28.245	104.16								
T	42.207651000	-111.103602000	6248.2		259.7	8.8	28.270	133.25								
T	42.207623000	-111.103979000	6270.2		264.3	21.4	28.290	102.65								
T	42.207608000	-111.104367000	6299.6		267.0	27.9	28.310	105.26								
T	42.207619000	-111.104756000	6311.6		272.2	11.4	28.330	105.47								
T	42.207647000	-111.105128000	6297.2		275.8	-14.2	28.349	101.30								
T	42.207696000	-111.105525000	6280.7		279.5	-15.1	28.369	109.03								
T	42.207762000	-111.105868000	6277.4		284.6	-3.4	28.388	95.99								
T	42.207845000	-111.106193000	6290.5		289.0	14.0	28.405	93.10								
T	42.207957000	-111.106537000	6310.3		293.7	19.4	28.425	101.75								
T	42.208102000	-111.106889000	6321.0		299.1	9.8	28.445	109.03								
T	42.208231000	-111.107193000	6326.1		299.8	5.4	28.463	94.84								
T	42.208373000	-111.107474000	6330.9		304.3	5.2	28.481	92.05								
T	42.208520000	-111.107739000	6334.7		306.8	4.3	28.498	89.58								
T	42.208574000	-111.107821000	6335.8		311.6	3.6	28.503	29.68								
T	42.208769000	-111.108116000	6340.2		311.7	4.1	28.523	106.95								
T	42.208950000	-111.108342000	6344.6		317.2	4.9	28.540	90.00								
T	42.209135000	-111.108544000	6351.0		321.0	7.3	28.557	86.84								
T	42.209370000	-111.108752000	6354.9		326.8	3.8	28.576	102.52								
T	42.209624000	-111.108950000	6360.4		330.0	5.1	28.597	106.99								
T	42.209883000	-111.109116000	6367.8		334.6	7.1	28.616	104.55								
T	42.210137000	-111.109271000	6367.0		335.7	-0.8	28.636	101.64								
T	42.210382000	-111.109383000	6365.0		341.3	-2.1	28.654	94.30								
T	42.210668000	-111.109484000	6364.8		345.3	-0.2	28.674	107.76								
T	42.211043000	-111.109576000	6361.9		349.7	-2.1	28.700	138.91								
T	42.211204000	-111.109602000	6361.5		353.2	-0.6	28.711	59.09								
T	42.211407000	-111.109627000	6361.1		354.8	-0.6	28.725	74.29								
T	42.211748000	-111.109652000	6353.2		356.9	-6.3	28.749	124.45								
T	42.212150000	-111.109644000	6353.6		0.8	0.3	28.777	146.52								
T	42.215097000	-111.109592000	6316.8		0.7	-3.4	28.980	1074.06								
T	42.215410000	-111.109605000	6304.7		358.2	-10.6	29.002	114.12								
T	42.215711000	-111.109639000	6303.3		355.2	-1.3	29.023	110.08								
T	42.215996000	-111.109699000	6299.3		351.1	-3.7	29.043	105.13								
T	42.216238000	-111.109768000	6291.9		348.1	-8.3	29.060	90.15								
T	42.216509000	-111.109869000	6285.8		344.6	-5.9	29.079	102.48								
T	42.216724000	-111.109969000	6285.3		341.0	-0.7	29.095	82.90								
T	42.216950000	-111.110086000	6286.8		339.0	1.7	29.112	88.25								
T	42.217226000	-111.110272000	6272.7		333.5	-12.5	29.133	112.50								
T	42.217405000	-111.110416000	6267.6		329.2	-6.7	29.147	76.01								
T	42.217585000	-111.110566000	6264.7		328.3	-3.7	29.162	77.16								
T	42.217792000	-111.110781000	6264.6		322.4	-0.2	29.180	95.30								
T	42.217963000	-111.110976000	6261.0		319.8	-4.3	29.195	81.69								
T	42.218199000	-111.111302000	6257.5		314.3	-2.9	29.219	123.27								
T	42.218360000	-111.111546000	6252.6		311.7	-5.6	29.235	88.38								
T	42.218511000	-111.111809000	6250.0		307.8	-2.9	29.252	90.02								
T	42.218638000	-111.112066000	6243.6		303.7	-7.6	29.268	83.60								
T	42.218793000	-111.112408000	6237.5		301.5	-5.7	29.289	108.51								
T	42.218924000	-111.112762000	6234.7		296.6	-2.6	29.309	107.12								
T	42.219077000	-111.113250000	6250.6		292.9	11.1	29.336	143.47								
T	42.219448000	-111.114580000	6219.3		290.6	-8.1	29.409	384.81								
T	42.219781000	-111.115623000	6217.0		293.3	-0.7	29.467	307.49								
T	42.220018000	-111.116347000	6206.9		293.8	-4.7	29.508	214.29								
T	42.220159000	-111.116744000	6197.4		295.6	-8.0	29.531	119.19								
T	42.220505000	-111.117527000	6179.5		300.8	-7.2	29.577	246.75								
T	42.220567000	-111.117658000	6179.7		302.6	0.4	29.585	42.07								
T	42.220722000	-111.117982000	6177.4		302.9	-2.2	29.605	104.37								
T	42.220950000	-111.118413000	6165.7		305.5	-8.2	29.632	143.30								
T	42.221150000	-111.118748000	6164.7		308.9	-0.9	29.654	116.39								
T	42.221212000	-111.118852000	6167.1		308.8	6.8	29.661	36.11								
T	42.221487000	-111.119251000	6171.1		312.9	2.7	29.689	147.39								
T	42.221806000	-111.119672000	6166.0		315.7	-3.1	29.720	162.85								
T	42.223431000	-111.121623000	6154.2		318.4	-1.5	29.870	793.71								
T	42.224515000	-111.122941000	6135.7		318.0	-3.5	29.971	532.45								
T	42.225692000	-111.124331000	6122.1		318.8	-2.4	30.079	570.73								
T	42.225759000	-111.124403000	6120.5		321.5	-5.1	30.085	31.25								
T	42.226316000	-111.125000000	6122.9		321.6	0.9	30.134	259.52								
T	42.227789000	-111.126757000	6106.4		318.5	-2.3	30.270	717.37								
T	42.228825000	-111.128015000	6100.2		318.0	-1.2	30.366	508.56								
T	42.229048000	-111.128267000	6102.6		320.1	2.3	30.386	106.13								
T	42.229532000	-111.128865000	6107.6		317.5	2.1	30.432	239.46								
T	42.230127000	-111.129587000	6101.8		318.1	-2.0	30.487	291.99								
T	42.230579000	-111.130177000	6101.5		316.0	-0.1	30.531	229.49								
T	42.230747000	-111.130431000	6098.0		311.8	-3.9	30.548	92.09								
T	42.230943000	-111.130779000	6099.3		307.3	1.1	30.570	118.26								
T	42.231159000	-111.131270000	6093.0		300.7	-4.1	30.600	154.53								
T	42.231317000	-111.131681000	6102.2		297.4	7.3	30.623	125.32								
T	42.231485000	-111.132288000	6102.6		290.5	0.2	30.657	175.43								
T	42.231575000	-111.132789000	6100.2		283.6	-1.7	30.683	139.59								
T	42.231629000	-111.133228000	6101.2		279.4	0.8	30.706	120.51								
T	42.231643000	-111.133807000	6099.7		271.9	-1.0	30.736	156.89								
T	42.231636000	-111.134199000	6100.1		268.6	0.4	30.756	106.20								
T	42.231635000	-111.134228000	6099.5		267.3	-8.0	30.757	7.86								
T	42.231620000	-111.134427000	6095.7		264.2	-7.0	30.767	54.17								
T	42.231583000	-111.134835000	6088.1		263.0	-6.8	30.789	111.32								
T	42.231549000	-111.135028000	6087.3		256.6	-1.4	30.799	53.72								
T	42.231471000	-111.135416000	6088.3		254.8	0.8	30.819	108.86								
T	42.231312000	-111.136053000	6083.9		251.4	-2.4	30.854	181.99								
T	42.230999000	-111.137082000	6086.6		247.7	0.9	30.911	301.13								
T	42.230416000	-111.138963000	6119.1		247.3	5.9	31.015	551.97								
T	42.230001000	-111.140379000	6082.7		248.4	-8.8	31.093	412.25								
T	42.229401000	-111.142367000	6068.9		247.8	-2.4	31.204	581.14								
T	42.229251000	-111.142862000	6072.5		247.7	2.5	31.231	144.78								
T	42.228995000	-111.143599000	6071.8		244.9	-0.3	31.273	220.34								
T	42.228842000	-111.143978000	6072.2		241.4	0.3	31.295	116.82								
T	42.228596000	-111.144491000	6083.4		237.1	6.8	31.326	165.35								
T	42.228489000	-111.144683000	6086.4		233.0	4.6	31.338	65.00								
T	42.228322000	-111.144947000	6082.1		229.5	-4.6	31.356	93.90								
T	42.228058000	-111.145337000	6068.8		227.6	-9.3	31.383	142.88								
T	42.227812000	-111.145649000	6068.2		223.2	-0.5	31.407	123.20								
T	42.227625000	-111.145862000	6067.9		220.1	-0.3	31.424	89.29								
T	42.227181000	-111.146292000	6064.1		215.6	-1.9	31.461	199.36								
T	42.226956000	-111.146480000	6062.9		211.7	-1.2	31.480	96.52								
T	42.226930000	-111.146502000	6063.1		212.1	1.3	31.482	11.19								
T	42.226684000	-111.146674000	6063.0		207.4	-0.1	31.501	101.03								
T	42.226312000	-111.146899000	6061.0		204.1	-1.3	31.529	148.64								
T	42.225811000	-111.147172000	6066.5		202.0	2.8	31.566	196.98								
T	42.225508000	-111.147337000	6061.9		202.0	-3.9	31.589	119.12								
T	42.223440000	-111.148401000	6051.1		200.9	-1.3	31.742	806.86								
T	42.217650000	-111.151380000	6036.8		200.9	-0.6	32.170	2259.08								
T	42.217025000	-111.151713000	6039.6		201.5	1.2	32.216	244.98								
T	42.216366000	-111.152052000	6036.6		200.9	-1.2	32.265	257.12								
T	42.215800000	-111.152332000	6035.0		200.1	-0.7	32.306	219.77								
T	42.215147000	-111.152666000	6032.6		200.7	-0.9	32.354	254.59								
T	42.214731000	-111.152888000	6030.2		201.6	-1.5	32.385	163.10								
T	42.212647000	-111.153962000	6037.2		200.9	0.9	32.539	813.29								
T	42.208618000	-111.156038000	6022.0		200.9	-1.0	32.837	1572.31								
T	42.207359000	-111.156677000	6023.6		200.6	0.3	32.930	490.39								
T	42.200752000	-111.160084000	6006.3		200.9	-0.7	33.418	2578.66								
T	42.200506000	-111.160216000	6002.6		201.7	-3.8	33.437	96.52								
T	42.200178000	-111.160392000	6002.5		201.7	-0.1	33.461	128.69								
T	42.199736000	-111.160687000	6010.4		206.3	4.4	33.495	179.82								
T	42.199403000	-111.160972000	6005.3		212.4	-3.5	33.522	143.84								
T	42.199143000	-111.161237000	6003.8		217.1	-1.3	33.545	118.89								
T	42.198926000	-111.161497000	6001.1		221.6	-2.6	33.565	105.91								
T	42.198776000	-111.161705000	6001.3		225.8	0.3	33.580	78.52								
T	42.198572000	-111.162029000	6007.2		229.6	5.2	33.602	115.04								
T	42.198445000	-111.162245000	6007.6		231.6	0.5	33.616	74.62								
T	42.198389000	-111.162351000	6009.0		234.5	4.1	33.622	35.24								
T	42.198303000	-111.162554000	6011.3		240.2	3.6	33.634	63.31								
T	42.198167000	-111.162901000	6022.3		242.1	10.3	33.655	106.29								
T	42.198097000	-111.163114000	6032.4		246.1	16.0	33.666	63.10								
T	42.198053000	-111.163276000	6039.8		249.9	15.8	33.675	46.73								
T	42.197945000	-111.163845000	6058.7		255.6	11.9	33.705	159.13								
T	42.197833000	-111.164572000	6063.0		258.3	2.1	33.744	201.18								
T	42.197794000	-111.165001000	6057.6		263.0	-4.6	33.766	117.11								
T	42.197790000	-111.165542000	6051.2		269.4	-4.4	33.794	146.61								
T	42.197812000	-111.165963000	6046.4		274.0	-4.2	33.815	114.36								
T	42.197845000	-111.166349000	6034.3		276.6	-11.4	33.835	105.29								
T	42.197869000	-111.166582000	6023.8		277.9	-16.5	33.847	63.74								
T	42.197892000	-111.166747000	6018.8		280.7	-11.1	33.856	45.49								
T	42.197925000	-111.166935000	6015.9		283.3	-5.4	33.866	52.34								
T	42.198439000	-111.169309000	6009.9		286.3	-0.9	33.993	670.01								
T	42.198645000	-111.170337000	6008.6		285.1	-0.4	34.047	288.50								
T	42.198771000	-111.170865000	6016.5		287.9	5.3	34.076	150.26								
T	42.199056000	-111.171858000	6047.5		291.2	10.7	34.130	288.42								
T	42.199206000	-111.172439000	6058.8		289.2	6.8	34.162	166.65								
T	42.199290000	-111.172980000	6055.6		281.8	-2.2	34.190	149.76								
T	42.199351000	-111.173615000	6045.2		277.4	-6.0	34.223	173.50								
T	42.199439000	-111.174298000	6020.5		279.9	-13.2	34.259	187.83								
T	42.199463000	-111.174570000	6019.5		276.8	-1.3	34.273	74.22								
T	42.199480000	-111.174754000	6023.2		277.1	7.3	34.282	50.24								
T	42.199485000	-111.175292000	6032.6		270.7	6.4	34.310	145.79								
T	42.199473000	-111.175556000	6031.5		266.5	-1.4	34.323	71.67								
T	42.199446000	-111.175813000	6027.2		261.9	-6.1	34.337	70.33								
T	42.199416000	-111.176041000	6021.7		259.9	-8.9	34.349	62.74								
T	42.199372000	-111.176302000	6016.1		257.2	-7.7	34.362	72.52								
T	42.199244000	-111.176888000	6017.4		253.6	0.8	34.394	165.50								
T	42.199102000	-111.177512000	6033.4		252.9	9.0	34.427	176.83								
T	42.198890000	-111.178270000	6038.7		249.3	2.4	34.469	219.45								
T	42.198556000	-111.179347000	6015.0		247.3	-7.5	34.529	316.20								
T	42.198180000	-111.180744000	6039.0		250.0	6.0	34.605	402.59								
T	42.197541000	-111.183056000	6077.3		249.5	5.7	34.732	668.38								
T	42.197207000	-111.184105000	6032.2		246.7	-14.6	34.790	309.22								
T	42.197197000	-111.184136000	6031.3		246.5	-9.0	34.792	9.16								
T	42.196484000	-111.186461000	5996.1		247.5	-5.2	34.921	681.51								
T	42.196077000	-111.187870000	5991.1		248.7	-1.2	34.998	409.61								
T	42.195705000	-111.189168000	6000.9		248.9	2.6	35.070	376.96								
T	42.195363000	-111.190491000	6018.8		250.8	4.7	35.142	379.56								
T	42.195288000	-111.190842000	6021.1		253.9	2.3	35.160	98.97								
T	42.195049000	-111.191633000	6031.0		247.8	4.3	35.204	231.37								
T	42.194920000	-111.192037000	6028.0		246.7	-2.5	35.227	119.15								
T	42.194519000	-111.193301000	6002.8		246.8	-6.8	35.297	372.40								
T	42.194102000	-111.194723000	6009.0		248.4	1.5	35.376	414.23								
T	42.193867000	-111.195708000	6010.2		252.2	0.5	35.429	280.33								
T	42.193813000	-111.196031000	6009.6		257.3	-0.7	35.446	89.72								
T	42.193781000	-111.196311000	6009.2		261.2	-0.5	35.460	76.77								
T	42.193770000	-111.196542000	6008.1		266.3	-1.9	35.472	62.73								
T	42.193781000	-111.197180000	6004.0		271.3	-2.3	35.505	172.94								
T	42.193802000	-111.197414000	6010.2		276.9	9.6	35.517	63.87								
T	42.193882000	-111.197809000	6023.6		285.3	12.1	35.538	110.94								
T	42.194146000	-111.198810000	6072.1		289.6	16.9	35.593	287.82								
T	42.194275000	-111.199219000	6064.0		293.1	-6.7	35.616	120.39								
T	42.194436000	-111.199620000	6060.9		298.5	-2.6	35.639	123.50								
T	42.194584000	-111.199918000	6062.2		303.8	1.3	35.657	97.11								
T	42.194756000	-111.200230000	6055.8		306.7	-6.0	35.677	105.25								
T	42.194883000	-111.200430000	6046.9		310.6	-12.5	35.691	71.27								
T	42.195093000	-111.200717000	6034.0		314.6	-11.9	35.711	109.11								
T	42.195350000	-111.201010000	6028.0		319.8	-4.8	35.735	122.78								
T	42.195403000	-111.201069000	6027.8		320.5	-0.9	35.739	25.07								
T	42.195632000	-111.201281000	6026.2		325.6	-1.6	35.759	101.32								
T	42.196553000	-111.201916000	6007.6		332.9	-4.9	35.830	377.18								
T	42.199901000	-111.204051000	5996.0		334.7	-0.9	36.086	1350.31								
T	42.200801000	-111.204677000	5981.4		332.7	-4.0	36.156	369.25								
T	42.201618000	-111.205340000	5996.6		329.0	4.4	36.222	347.74								
T	42.202588000	-111.206255000	5994.1		325.1	-0.6	36.303	431.77								
T	42.203474000	-111.207223000	5990.8		321.0	-0.8	36.382	415.99								
T	42.204380000	-111.208270000	5998.1		319.4	1.7	36.465	435.30								
T	42.204957000	-111.208945000	5987.4		319.1	-3.9	36.517	278.68								
T	42.205301000	-111.209348000	5985.7		319.0	-1.0	36.549	166.25								
T	42.206242000	-111.210432000	5988.5		319.5	0.6	36.634	451.51								
T	42.207470000	-111.211874000	5993.6		319.0	0.9	36.747	594.06								
T	42.208125000	-111.212626000	5983.2		319.6	-3.3	36.806	313.83								
T	42.208329000	-111.212860000	5981.0		319.6	-2.3	36.825	97.70								
T	42.209069000	-111.213726000	5990.0		319.1	2.5	36.893	357.46								
T	42.210113000	-111.214930000	5986.4		319.5	-0.7	36.987	501.15								
T	42.210386000	-111.215249000	5978.7		319.1	-5.8	37.012	131.78								
T	42.212000000	-111.217135000	5989.3		319.1	1.4	37.160	779.13								
T	42.212810000	-111.218061000	5987.5		319.7	-0.5	37.233	387.39								
T	42.213341000	-111.218606000	5994.0		322.8	2.7	37.279	243.41								
T	42.213642000	-111.218856000	5991.7		328.4	-1.8	37.304	128.92								
T	42.213788000	-111.218965000	5990.5		331.1	-1.9	37.315	60.85								
T	42.213977000	-111.219106000	5990.3		331.1	-0.2	37.330	78.76								
T	42.214370000	-111.219333000	6002.1		336.8	7.6	37.360	155.86								
T	42.214776000	-111.219518000	6002.3		341.4	0.1	37.389	156.22								
T	42.215026000	-111.219616000	6000.8		343.8	-1.6	37.407	94.90								
T	42.215307000	-111.219691000	5999.9		348.8	-0.9	37.427	104.40								
T	42.215382000	-111.219709000	5999.4		349.9	-1.5	37.432	27.76								
T	42.215770000	-111.219804000	5991.7		349.7	-5.4	37.460	143.72								
T	42.220805000	-111.220776000	5997.4		351.9	0.3	37.811	1853.69								
T	42.222038000	-111.221014000	5986.1		351.9	-2.5	37.897	453.94								
T	42.223824000	-111.221359000	5997.7		351.9	1.8	38.021	657.54								
T	42.224650000	-111.221559000	5990.3		349.8	-2.4	38.079	305.85								
T	42.225182000	-111.221736000	5997.9		346.2	3.8	38.117	199.72								
T	42.225721000	-111.221969000	5999.0		342.2	0.6	38.156	206.32								
T	42.226435000	-111.222350000	5999.4		338.4	0.1	38.209	279.92								
T	42.226623000	-111.222450000	6002.8		338.5	4.6	38.223	73.67								
T	42.227239000	-111.222849000	6004.8		334.4	0.8	38.270	249.15								
T	42.227988000	-111.223427000	6006.1		330.3	0.4	38.330	314.66								
T	42.228463000	-111.223863000	6002.4		325.8	-1.8	38.369	209.55								
T	42.228909000	-111.224322000	6007.3		322.7	2.4	38.408	204.63								
T	42.229271000	-111.224721000	6007.2		320.8	-0.1	38.441	170.53								
T	42.230668000	-111.226534000	6013.4		316.1	0.9	38.574	707.32								
T	42.234838000	-111.232074000	6080.3		315.5	3.1	38.979	2135.54								
T	42.235681000	-111.233207000	6063.7		315.1	-3.8	39.061	434.20								
T	42.236404000	-111.234148000	6063.4		316.1	-0.1	39.131	366.56								
T	42.237244000	-111.235263000	6066.2		315.5	0.7	39.212	429.98								
T	42.237976000	-111.236249000	6065.3		315.1	-0.2	39.284	377.44								
T	42.238231000	-111.236594000	6063.9		315.0	-1.1	39.308	131.77								
T	42.239035000	-111.237641000	6046.6		316.0	-4.2	39.386	407.72								
T	42.239401000	-111.238124000	6038.2		315.7	-4.5	39.421	186.81								
T	42.239810000	-111.238662000	6029.4		315.8	-4.2	39.461	208.43								
T	42.240775000	-111.239947000	6015.0		315.4	-2.9	39.554	494.73								
T	42.241494000	-111.240896000	6003.8		315.7	-3.1	39.624	367.01								
T	42.242585000	-111.242343000	5997.4		315.5	-1.2	39.729	558.22								
T	42.243144000	-111.243095000	6000.0		315.1	0.9	39.784	288.04								
T	42.243411000	-111.243456000	6005.8		315.0	4.1	39.810	137.93								
T	42.245175000	-111.245776000	5999.4		315.8	-0.7	39.980	898.83								
T	42.247658000	-111.249087000	6046.6		315.4	3.7	40.222	1273.79								
T	42.248142000	-111.249722000	6051.9		315.8	2.1	40.268	246.32								
T	42.248271000	-111.249900000	6055.0		314.4	4.5	40.281	67.33								
T	42.248712000	-111.250509000	6065.2		314.4	4.4	40.325	230.26								
T	42.249291000	-111.251235000	6075.9		317.1	3.7	40.379	288.38								
T	42.249912000	-111.252025000	6068.3		316.7	-2.4	40.438	311.40								
T	42.250605000	-111.252963000	6079.4		314.9	3.1	40.506	358.16								
T	42.251262000	-111.253835000	6084.5		315.5	1.5	40.570	336.25								
T	42.251903000	-111.254663000	6092.5		316.3	2.5	40.631	323.77								
T	42.252555000	-111.255564000	6097.0		314.4	1.3	40.696	340.54								
T	42.252911000	-111.256006000	6101.8		317.4	2.7	40.729	176.50								
T	42.254452000	-111.258057000	6109.2		315.4	0.9	40.879	789.76								
T	42.255102000	-111.258940000	6109.6		314.8	0.1	40.942	336.54								
T	42.255273000	-111.259164000	6108.9		315.9	-0.9	40.959	86.95								
T	42.255551000	-111.259530000	6090.7		315.7	-12.9	40.986	141.71								
T	42.256366000	-111.260607000	6072.2		315.6	-4.4	41.064	416.21								
T	42.257032000	-111.261504000	6075.6		315.1	1.0	41.129	343.34								
T	42.257613000	-111.262286000	6083.9		315.1	2.8	41.186	299.42								
T	42.258114000	-111.262874000	6098.8		319.0	6.1	41.232	242.23								
T	42.258605000	-111.263505000	6117.4		316.4	7.5	41.279	247.38								
T	42.259249000	-111.264352000	6120.6		315.8	1.0	41.341	328.11								
T	42.259836000	-111.265133000	6115.5		315.4	-1.7	41.398	300.77								
T	42.260906000	-111.266638000	6083.8		313.9	-5.6	41.505	563.95								
T	42.261089000	-111.266896000	6070.9		313.8	-13.4	41.523	96.57								
T	42.261999000	-111.268088000	6049.3		315.9	-4.7	41.611	462.71								
T	42.263066000	-111.269487000	6049.5		315.9	0.0	41.714	542.79								
T	42.263713000	-111.270305000	6043.2		316.9	-1.9	41.775	323.46								
T	42.264527000	-111.271229000	6026.2		320.0	-4.4	41.848	388.02								
T	42.265185000	-111.271872000	6009.0		324.1	-5.8	41.904	296.30								
T	42.266067000	-111.272633000	6001.8		327.4	-1.9	41.977	381.77								
T	42.266563000	-111.273021000	6003.1		329.9	0.6	42.016	209.05								
T	42.267270000	-111.273500000	5996.5		333.4	-2.3	42.071	288.44								
T	42.267302000	-111.273520000	5997.1		335.2	4.0	42.073	12.86								
T	42.268271000	-111.274138000	6000.2		334.7	0.8	42.147	390.75								
T	42.269183000	-111.274669000	5995.3		336.7	-1.4	42.216	362.11								
T	42.270171000	-111.275266000	5989.7		335.9	-1.4	42.291	394.66								
T	42.271237000	-111.275897000	5989.0		336.3	-0.2	42.371	424.37								
T	42.272271000	-111.276502000	5990.1		336.6	0.3	42.449	410.86								
T	42.273615000	-111.277298000	5994.1		336.3	0.8	42.550	535.08								
T	42.274928000	-111.278084000	6000.2		336.1	1.2	42.649	523.66								
T	42.275266000	-111.278286000	5997.9		336.1	-1.7	42.675	134.77								
T	42.275682000	-111.278537000	5995.9		335.9	-1.2	42.706	166.13								
T	42.276645000	-111.279094000	5996.3		336.8	0.1	42.779	381.95								
T	42.277523000	-111.279611000	5990.8		336.5	-1.6	42.845	349.23								
T	42.277736000	-111.279736000	5990.8		336.5	-0.0	42.861	84.68								
T	42.278699000	-111.280322000	5995.5		335.8	1.2	42.934	385.12								
T	42.284834000	-111.283951000	5977.3		336.4	-0.7	43.396	2441.97								
T	42.285562000	-111.284382000	5971.9		336.3	-1.9	43.451	289.81								
T	42.285891000	-111.284584000	5971.8		335.6	-0.0	43.476	131.77								
T	42.288464000	-111.286111000	5974.4		336.3	0.3	43.670	1024.69								
T	42.288725000	-111.286265000	5973.1		336.4	-1.3	43.690	103.84								
T	42.290829000	-111.287510000	5980.7		336.4	0.9	43.849	837.50								
T	42.292056000	-111.288252000	5969.4		335.9	-2.3	43.941	490.16								
T	42.295195000	-111.290104000	6000.2		336.4	2.5	44.178	1248.89								
T	42.295328000	-111.290176000	6005.2		338.2	9.7	44.188	52.24								
T	42.296380000	-111.290743000	6026.8		338.3	5.2	44.266	412.94								
T	42.297635000	-111.291331000	6024.7		340.9	-0.4	44.358	484.24								
T	42.298414000	-111.291659000	6005.2		342.7	-6.5	44.414	297.44								
T	42.298541000	-111.291713000	6003.9		342.5	-2.6	44.423	48.53								
T	42.300739000	-111.292642000	6000.1		342.6	-0.5	44.582	839.53								
T	42.304187000	-111.294099000	5966.4		342.6	-2.6	44.832	1316.94								
T	42.304493000	-111.294228000	5965.7		342.7	-0.7	44.854	116.85								
T	42.305103000	-111.294497000	5962.5		341.9	-1.4	44.898	233.91								
T	42.307176000	-111.295361000	5962.5		342.9	0.0	45.048	790.80								
T	42.308386000	-111.295844000	5955.2		343.6	-1.6	45.135	459.91								
T	42.308768000	-111.295998000	5957.2		343.4	1.3	45.163	145.31								
T	42.308956000	-111.296060000	5958.7		346.3	2.1	45.176	70.54								
T	42.309274000	-111.296180000	5963.4		344.4	3.9	45.199	120.35								
T	42.310444000	-111.296595000	5967.8		345.3	1.0	45.282	440.92								
T	42.311122000	-111.296832000	5965.9		345.5	-0.8	45.331	255.27								
T	42.311366000	-111.296928000	5964.8		343.8	-1.2	45.348	92.64								
T	42.311917000	-111.297114000	5968.0		346.0	1.6	45.387	207.01								
T	42.312506000	-111.297314000	5970.0		345.9	0.9	45.429	221.36								
T	42.312695000	-111.297391000	5969.6		343.2	-0.5	45.443	71.96								
T	42.312949000	-111.297496000	5971.1		343.0	1.5	45.461	96.83								
T	42.313317000	-111.297626000	5977.4		345.4	4.6	45.487	138.64								
T	42.313656000	-111.297747000	5984.6		345.2	5.7	45.512	127.80								
T	42.313953000	-111.297780000	5983.5		355.3	-1.1	45.532	108.60								
T	42.314388000	-111.297828000	5981.4		355.3	-1.3	45.562	159.06								
T	42.314740000	-111.297821000	5980.8		0.8	-0.5	45.587	128.29								
T	42.315070000	-111.297815000	5977.0		0.8	-3.1	45.609	120.27								
T	42.315540000	-111.297817000	5974.9		359.8	-1.2	45.642	171.28								
T	42.315945000	-111.297816000	5976.0		0.1	0.8	45.670	147.60								
T	42.316227000	-111.297817000	5977.7		359.8	1.6	45.689	102.77								
T	42.316543000	-111.297819000	5979.5		359.7	1.6	45.711	115.16								
T	42.316830000	-111.297822000	5981.3		359.6	1.7	45.731	104.60								
T	42.316898000	-111.297822000	5981.4		0.0	0.5	45.736	24.78								
T	42.317287000	-111.297823000	5985.4		359.9	2.8	45.762	141.77								
T	42.317536000	-111.297824000	5987.5		359.8	2.3	45.780	90.74								
T	42.317656000	-111.297825000	5987.5		359.6	0.0	45.788	43.73								
T	42.317779000	-111.297824000	5987.5		0.3	0.0	45.796	44.83								
T	42.318100000	-111.297824000	5990.8		0.0	2.8	45.819	116.98								
T	42.318511000	-111.297823000	5991.8		0.1	0.7	45.847	149.78								
T	42.318703000	-111.297822000	5988.6		0.2	-4.5	45.860	69.97								
T	42.318983000	-111.297822000	5983.1		0.0	-5.4	45.879	102.04								
T	42.319055000	-111.297821000	5982.3		0.6	-3.2	45.884	26.24								
T	42.319128000	-111.297821000	5981.4		0.0	-3.2	45.889	26.60								
T	42.319892000	-111.297819000	5983.2		0.1	0.6	45.942	278.43								
T	42.320566000	-111.297818000	5988.0		0.1	2.0	45.989	245.63								
T	42.320770000	-111.297817000	5988.0		0.2	-0.0	46.003	74.35								
T	42.320810000	-111.297817000	5988.0		0.0	0.0	46.006	14.58								
T	42.320960000	-111.297817000	5989.3		0.0	2.4	46.016	54.67								
T	42.321217000	-111.297815000	5989.7		0.3	0.5	46.034	93.66								
T	42.321577000	-111.297814000	5987.7		0.1	-1.6	46.059	131.20								
T	42.321720000	-111.297814000	5988.2		0.0	0.9	46.068	52.11								
T	42.321838000	-111.297813000	5989.6		0.4	3.2	46.077	43.00								
T	42.321837989	-111.297808936	5989.6		90.2	-0.0	46.077	1.10								
T	42.322890638	-111.297804130	5993.4		0.2	1.0	46.149	383.62								
T	42.322891000	-111.297805000	5993.4		299.4	1.5	46.149	0.27								
T	42.322975000	-111.297804000	5995.3		0.5	6.2	46.155	30.61								
T	42.322979000	-111.297539000	5997.1		88.8	2.6	46.169	71.68								

