type	latitude	longitude	altitude (ft)	vmg (mph)	course	slope (%)	distance (mi)	distance_interval (ft)	color	opacity	width	scale	sym	name	desc	kml_folder
T	39.037178000	-95.676409000	923.9				0.000		#f57c00	1.00	2.55			AL. Topeka Loop		Optional Loops
T	39.037082000	-95.676450000	920.8		198.4	-8.4	0.007	36.85								
T	39.036979000	-95.676485000	917.3		194.8	-9.0	0.014	38.81								
T	39.036977000	-95.677214000	906.4		269.8	-5.3	0.054	207.08								
T	39.036971000	-95.677420000	906.1		267.9	-0.4	0.065	58.56								
T	39.036966000	-95.677662000	907.9		268.5	2.6	0.078	68.77								
T	39.036966000	-95.677762000	909.1		270.0	4.2	0.083	28.41								
T	39.036967000	-95.678258000	914.8		270.1	4.0	0.110	140.89								
T	39.036961000	-95.678346000	915.5		265.0	3.0	0.114	25.09								
T	39.036951000	-95.678470000	915.4		264.1	-0.3	0.121	35.41								
T	39.036952000	-95.678786000	915.4		270.2	-0.0	0.138	89.76								
T	39.036963000	-95.678942000	914.8		275.2	-1.4	0.147	44.49								
T	39.036963000	-95.679152000	912.5		270.0	-3.9	0.158	59.65								
T	39.036963000	-95.679350000	914.5		270.0	3.6	0.169	56.24								
T	39.036962000	-95.679694000	918.7		269.8	4.3	0.187	97.72								
T	39.036961000	-95.680334000	922.5		269.9	2.1	0.222	181.80								
T	39.036961000	-95.680443000	922.6		270.0	0.2	0.227	30.96								
T	39.036960000	-95.680971000	924.1		269.9	1.0	0.256	149.98								
T	39.036959000	-95.681494000	914.6		269.9	-6.4	0.284	148.56								
T	39.036959000	-95.681600000	913.2		270.0	-4.4	0.290	30.11								
T	39.036958000	-95.682241000	912.3		269.9	-0.5	0.324	182.08								
T	39.036957000	-95.682751000	915.6		269.9	2.3	0.352	144.87								
T	39.036957000	-95.682867000	917.7		270.0	6.2	0.358	32.95								
T	39.044101000	-95.682848000	971.8		0.1	2.1	0.851	2602.04								
T	39.044282000	-95.682814000	971.4		8.3	-0.6	0.863	66.63								
T	39.044443000	-95.682756000	970.9		15.6	-0.8	0.875	60.91								
T	39.044563000	-95.682712000	970.7		15.9	-0.4	0.883	45.46								
T	39.044607000	-95.682694000	970.7		17.6	0.2	0.887	16.82								
T	39.044690000	-95.682664000	971.0		15.7	0.8	0.892	31.41								
T	39.045139000	-95.682471000	963.9		18.5	-4.1	0.925	172.48								
T	39.045884000	-95.682152000	957.2		18.4	-2.3	0.979	286.08								
T	39.045970000	-95.682115000	956.7		18.5	-1.3	0.986	33.04								
T	39.046063000	-95.682075000	956.3		18.5	-1.3	0.992	35.73								
T	39.046442000	-95.681913000	948.8		18.4	-5.1	1.020	145.51								
T	39.046853000	-95.681737000	941.1		18.4	-4.9	1.050	157.82								
T	39.047274000	-95.681556000	947.2		18.5	3.8	1.080	161.73								
T	39.047424000	-95.681492000	950.2		18.3	5.3	1.091	57.58								
T	39.047548000	-95.681438000	952.0		18.7	3.8	1.100	47.70								
T	39.047957000	-95.681263000	953.9		18.4	1.2	1.130	157.04								
T	39.048777000	-95.680912000	949.7		18.4	-1.3	1.190	314.86								
T	39.048869000	-95.680872000	948.3		18.7	-3.9	1.196	35.38								
T	39.048961000	-95.680833000	948.2		18.2	-0.4	1.203	35.29								
T	39.049594000	-95.680561000	946.7		18.5	-0.6	1.249	243.15								
T	39.050160000	-95.680319000	954.9		18.4	3.8	1.290	217.31								
T	39.050317000	-95.680251000	958.9		18.6	6.5	1.302	60.36								
T	39.050470000	-95.680186000	959.8		18.3	1.5	1.313	58.70								
T	39.050768000	-95.680058000	956.6		18.4	-2.7	1.335	114.47								
T	39.051208000	-95.679869000	953.2		18.4	-2.0	1.367	169.01								
T	39.051335000	-95.679815000	952.5		18.3	-1.3	1.376	48.73								
T	39.051667000	-95.679672000	954.1		18.5	1.2	1.400	127.56								
T	39.051761000	-95.679632000	954.0		18.3	-0.3	1.407	36.07								
T	39.051853000	-95.679593000	954.2		18.2	0.6	1.413	35.29								
T	39.052076000	-95.679497000	954.4		18.5	0.2	1.430	85.68								
T	39.052406000	-95.679355000	957.7		18.5	2.5	1.454	126.78								
T	39.053055000	-95.679077000	955.8		18.4	-0.7	1.501	249.22								
T	39.053211000	-95.679011000	953.7		18.2	-3.5	1.512	59.83								
T	39.053359000	-95.678948000	951.3		18.3	-4.3	1.523	56.80								
T	39.053979000	-95.678683000	953.9		18.4	1.1	1.568	238.03								
T	39.054566000	-95.678434000	955.4		18.2	0.7	1.611	225.19								
T	39.054648000	-95.678399000	954.8		18.3	-1.8	1.617	31.48								
T	39.054746000	-95.678357000	954.2		18.4	-1.8	1.624	37.63								
T	39.055949000	-95.677845000	946.8		18.3	-1.6	1.711	461.66								
T	39.056038000	-95.677807000	945.7		18.3	-3.1	1.718	34.17								
T	39.056130000	-95.677758000	944.9		22.5	-2.4	1.725	36.28								
T	39.056895000	-95.677427000	945.3		18.6	0.1	1.780	294.06								
T	39.056993000	-95.677409000	943.9		8.1	-3.9	1.787	36.06								
T	39.057158000	-95.677336000	941.3		19.0	-4.1	1.799	63.57								
T	39.057333000	-95.677264000	938.7		17.7	-3.9	1.812	66.94								
T	39.057418000	-95.677201000	937.2		29.9	-4.3	1.819	35.76								
T	39.057504000	-95.677139000	936.0		29.2	-3.1	1.825	35.93								
T	39.057862000	-95.676986000	935.5		18.4	-0.4	1.851	137.44								
T	39.057959000	-95.676972000	935.4		6.4	-0.5	1.858	35.55								
T	39.058620000	-95.676683000	925.1		18.8	-4.0	1.906	254.36								
T	39.058932000	-95.676571000	920.9		15.6	-3.6	1.929	118.01								
T	39.059873000	-95.676166000	904.6		18.5	-4.5	1.997	361.52								
T	39.060000000	-95.676090000	905.5		24.9	1.8	2.007	51.04								
T	39.060135000	-95.676033000	904.4		18.2	-2.2	2.017	51.77								
T	39.060590000	-95.675835000	909.2		18.7	2.8	2.050	175.00								
T	39.060895000	-95.675703000	909.8		18.6	0.5	2.072	117.24								
T	39.061266000	-95.675544000	903.5		18.4	-4.4	2.099	142.47								
T	39.061954000	-95.675248000	898.5		18.5	-1.9	2.149	264.31								
T	39.064011000	-95.674363000	879.3		18.5	-2.4	2.299	790.24								
T	39.069481000	-95.672009000	891.3		18.5	0.6	2.697	2101.46								
T	39.069718000	-95.671910000	889.6		18.0	-1.9	2.714	90.78								
T	39.069882000	-95.671861000	892.2		13.1	4.3	2.726	61.33								
T	39.070364000	-95.671641000	891.9		19.5	-0.2	2.761	186.34								
T	39.070435000	-95.671611000	891.4		18.2	-1.6	2.766	27.23								
T	39.070490000	-95.671588000	891.2		18.0	-1.0	2.770	21.07								
T	39.070623000	-95.671522000	891.1		21.1	-0.3	2.780	51.94								
T	39.071020000	-95.671351000	889.9		18.5	-0.8	2.809	152.53								
T	39.071146000	-95.671297000	888.7		18.4	-2.5	2.818	48.39								
T	39.071286000	-95.671244000	887.0		16.4	-3.1	2.828	53.17								
T	39.071439000	-95.671171000	885.8		20.3	-2.0	2.839	59.46								
T	39.071528000	-95.671135000	885.8		17.4	0.0	2.846	33.99								
T	39.071581000	-95.671109000	885.9		20.8	0.2	2.850	20.67								
T	39.071824000	-95.671010000	892.4		17.6	7.1	2.867	92.86								
T	39.071951000	-95.670956000	895.7		18.3	6.7	2.876	48.73								
T	39.072177000	-95.670857000	895.9		18.8	0.2	2.893	86.98								
T	39.072291000	-95.670800000	895.2		21.2	-1.6	2.901	44.56								
T	39.072408000	-95.670750000	894.0		18.4	-2.6	2.910	44.92								
T	39.072791000	-95.670563000	892.5		20.8	-1.0	2.938	149.26								
T	39.073026000	-95.670483000	893.2		14.8	0.8	2.955	88.56								
T	39.073620000	-95.670222000	887.9		18.8	-2.3	2.998	228.69								
T	39.073689000	-95.670200000	889.2		13.9	5.2	3.003	25.90								
T	39.073811000	-95.670146000	891.7		19.0	5.3	3.012	47.01								
T	39.075099000	-95.669596000	892.9		18.3	0.2	3.106	494.43								
T	39.076378000	-95.669050000	894.4		18.3	0.3	3.199	490.96								
T	39.076508000	-95.668990000	893.1		19.7	-2.6	3.208	50.32								
T	39.076691000	-95.668912000	892.9		18.3	-0.2	3.221	70.24								
T	39.078928000	-95.667947000	885.1		18.5	-0.9	3.384	859.60								
T	39.079841000	-95.667554000	888.0		18.5	0.8	3.451	350.76								
T	39.080223000	-95.667389000	885.3		18.5	-1.8	3.478	146.81								
T	39.080364000	-95.667328000	884.7		18.6	-1.2	3.489	54.20								
T	39.080852000	-95.667117000	890.5		18.6	3.1	3.524	187.57								
T	39.080956000	-95.667072000	893.3		18.6	7.0	3.532	39.98								
T	39.081154000	-95.666986000	899.0		18.6	7.4	3.546	76.14								
T	39.081367000	-95.666894000	900.0		18.5	1.3	3.562	81.86								
T	39.081414000	-95.666874000	900.2		18.3	1.3	3.565	18.04								
T	39.081996000	-95.666622000	895.7		18.6	-2.0	3.608	223.73								
T	39.082190000	-95.666538000	895.7		18.6	0.0	3.622	74.58								
T	39.082784000	-95.666284000	892.5		18.4	-1.4	3.665	228.05								
T	39.082915000	-95.666228000	894.9		18.4	4.9	3.674	50.29								
T	39.083231000	-95.666093000	898.6		18.3	3.0	3.697	121.31								
T	39.083371000	-95.666033000	897.5		18.4	-2.0	3.708	53.76								
T	39.083481000	-95.665983000	897.7		19.4	0.3	3.716	42.51								
T	39.083539000	-95.665957000	897.7		19.2	0.3	3.720	22.38								
T	39.083704000	-95.665892000	897.9		17.0	0.3	3.732	62.87								
T	39.084007000	-95.665758000	896.2		18.9	-1.5	3.754	116.73								
T	39.084217000	-95.665664000	893.1		19.2	-3.8	3.769	81.01								
T	39.084231000	-95.665658000	892.8		18.4	-4.4	3.770	5.38								
T	39.084286000	-95.665635000	891.9		18.0	-4.4	3.774	21.07								
T	39.084407000	-95.665605000	890.1		10.9	-4.0	3.783	44.89								
T	39.084484000	-95.665573000	889.8		17.9	-1.3	3.788	29.48								
T	39.084767000	-95.665452000	893.9		18.4	3.9	3.809	108.65								
T	39.084898000	-95.665375000	895.2		24.5	2.5	3.819	52.48								
T	39.085033000	-95.665292000	895.7		25.5	0.8	3.829	54.52								
T	39.085331000	-95.665175000	894.2		16.9	-1.3	3.851	113.51								
T	39.085516000	-95.665129000	892.4		10.9	-2.6	3.864	68.64								
T	39.085790000	-95.665032000	889.9		15.4	-2.5	3.883	103.53								
T	39.085837000	-95.665016000	889.5		14.8	-1.9	3.887	17.71								
T	39.086108000	-95.664938000	892.4		12.6	2.8	3.906	101.16								
T	39.086257000	-95.664895000	893.0		12.6	1.2	3.916	55.63								
T	39.086490000	-95.664844000	894.8		9.6	2.0	3.933	86.09								
T	39.086547000	-95.664831000	895.1		10.0	1.7	3.937	21.09								
T	39.086587000	-95.664822000	895.3		9.9	1.5	3.939	14.79								
T	39.086702000	-95.664796000	895.4		10.0	0.1	3.947	42.53								
T	39.086774000	-95.664780000	894.7		9.8	-2.6	3.952	26.61								
T	39.086792000	-95.664776000	894.5		9.8	-2.9	3.954	6.65								
T	39.086932000	-95.664777000	893.2		359.7	-2.6	3.963	50.99								
T	39.087045000	-95.664752000	893.8		9.7	1.5	3.971	41.77								
T	39.087098000	-95.664740000	894.3		10.0	2.5	3.975	19.60								
T	39.087480000	-95.664692000	898.4		5.6	2.9	4.001	139.80								
T	39.087635000	-95.664659000	896.6		9.4	-3.1	4.012	57.23								
T	39.087802000	-95.664621000	894.3		10.0	-3.8	4.024	61.78								
T	39.088260000	-95.664608000	892.4		1.3	-1.1	4.056	166.86								
T	39.088330000	-95.664616000	892.4		354.9	0.0	4.060	25.60								
T	39.088350000	-95.664618000	892.4		355.6	0.0	4.062	7.31								
T	39.088435000	-95.664626000	892.4		355.8	0.0	4.068	31.04								
T	39.088591000	-95.664628000	892.4		359.4	0.0	4.078	56.82								
T	39.088735000	-95.664629000	892.9		359.7	0.9	4.088	52.45								
T	39.088839000	-95.664630000	893.3		359.6	1.1	4.096	37.88								
T	39.089039000	-95.664623000	892.4		1.6	-1.2	4.109	72.87								
T	39.089096000	-95.664625000	891.9		358.4	-2.3	4.113	20.77								
T	39.089192000	-95.664588000	892.1		16.7	0.5	4.120	36.51								
T	39.089359000	-95.664524000	892.2		16.6	0.1	4.132	63.48								
T	39.089463000	-95.664510000	891.6		6.0	-1.5	4.139	38.09								
T	39.089554000	-95.664477000	892.0		15.7	1.1	4.146	34.44								
T	39.089642000	-95.664433000	892.6		21.2	1.7	4.153	34.40								
T	39.089720000	-95.664372000	894.1		31.3	4.5	4.159	33.27								
T	39.089776000	-95.664322000	896.3		34.7	8.8	4.164	24.85								
T	39.089817000	-95.664279000	897.9		39.1	8.3	4.167	19.29								
T	39.090797000	-95.663123000	911.4		42.5	2.8	4.259	484.85								
T	39.090876000	-95.663027000	912.3		43.3	2.3	4.267	39.63								
T	39.090917000	-95.662963000	912.3		50.5	0.0	4.271	23.52								
T	39.090955000	-95.662893000	912.4		55.0	0.6	4.276	24.21								
T	39.090979000	-95.662822000	912.5		66.5	0.2	4.280	21.97								
T	39.090988000	-95.662796000	912.5		66.0	0.7	4.281	8.08								
T	39.091012000	-95.662702000	912.1		71.8	-1.7	4.287	28.08								
T	39.091071000	-95.662088000	907.6		82.9	-2.5	4.320	175.60								
T	39.091067000	-95.661975000	907.7		92.6	0.3	4.326	32.11								
T	39.091043000	-95.661399000	901.5		93.1	-3.8	4.357	163.73								
T	39.091024000	-95.660076000	888.7		91.1	-3.4	4.428	375.59								
T	39.091018000	-95.659717000	893.5		91.2	4.7	4.447	101.92								
T	39.090977000	-95.658229000	886.5		92.0	-1.6	4.527	422.62								
T	39.090973000	-95.657875000	889.6		90.8	3.1	4.546	100.49								
T	39.090968000	-95.657315000	894.1		90.7	2.8	4.577	158.96								
T	39.090969000	-95.655347000	894.0		90.0	-0.0	4.682	558.60								
T	39.090974000	-95.654280000	884.2		89.7	-3.2	4.740	302.87								
T	39.090983000	-95.652142000	888.1		89.7	0.6	4.855	606.87								
T	39.090993000	-95.650166000	878.5		89.6	-1.7	4.961	560.89								
T	39.091008000	-95.647040000	881.7		89.6	0.4	5.129	887.31								
T	39.091016000	-95.645342000	897.6		89.7	3.3	5.220	481.97								
T	39.091020000	-95.643830000	886.1		89.8	-2.7	5.301	429.17								
T	39.091036000	-95.640456000	884.4		89.6	-0.2	5.483	957.70								
T	39.091046000	-95.638810000	916.0		89.6	6.8	5.571	467.22								
T	39.091054000	-95.635990000	898.0		89.8	-2.3	5.723	800.44								
T	39.091058000	-95.635329000	903.5		89.6	3.0	5.758	187.63								
T	39.091073000	-95.630795000	882.3		89.8	-1.6	6.002	1286.95								
T	39.091081000	-95.628829000	873.2		89.7	-1.6	6.108	558.04								
T	39.091082000	-95.628752000	871.5		89.0	-7.7	6.112	21.86								
T	39.091088000	-95.627981000	870.8		89.4	-0.4	6.153	218.85								
T	39.091098000	-95.627077000	894.1		89.2	9.1	6.202	256.62								
T	39.091112000	-95.626741000	899.0		86.9	5.1	6.220	95.51								
T	39.091136000	-95.626411000	896.5		84.6	-2.6	6.238	94.08								
T	39.091160000	-95.626123000	898.9		83.9	2.8	6.254	82.21								
T	39.091192000	-95.625753000	899.9		83.6	1.0	6.274	105.67								
T	39.091224000	-95.625470000	895.0		81.7	-6.1	6.289	81.17								
T	39.091292000	-95.624987000	890.2		79.7	-3.4	6.315	139.31								
T	39.091341000	-95.624688000	892.5		78.1	2.6	6.332	86.72								
T	39.091396000	-95.624384000	891.6		76.9	-0.9	6.349	88.58								
T	39.091467000	-95.624048000	889.0		74.8	-2.6	6.367	98.81								
T	39.091594000	-95.623485000	888.7		73.8	-0.2	6.399	166.36								
T	39.091698000	-95.623076000	892.9		71.9	3.5	6.422	122.11								
T	39.092114000	-95.621502000	900.9		71.2	1.7	6.511	471.76								
T	39.092332000	-95.620675000	894.3		71.2	-2.7	6.558	247.80								
T	39.092491000	-95.620074000	906.5		71.2	6.8	6.592	180.15								
T	39.092588000	-95.619711000	912.6		71.0	5.6	6.613	108.92								
T	39.092671000	-95.619354000	914.8		73.3	2.0	6.633	105.74								
T	39.092747000	-95.619001000	930.0		74.5	14.6	6.653	103.95								
T	39.092818000	-95.618647000	941.2		75.5	10.8	6.672	103.75								
T	39.092885000	-95.618285000	945.5		76.6	4.1	6.692	105.61								
T	39.092981000	-95.617744000	950.6		77.1	3.2	6.722	157.49								
T	39.093059000	-95.617203000	961.4		79.5	6.9	6.752	156.16								
T	39.093119000	-95.616710000	960.3		81.1	-0.8	6.779	141.63								
T	39.093166000	-95.616247000	954.4		82.5	-4.4	6.804	132.53								
T	39.093214000	-95.615704000	961.7		83.5	4.7	6.833	155.11								
T	39.093227000	-95.615477000	962.5		85.8	1.2	6.845	64.60								
T	39.093239000	-95.615278000	962.5		85.6	-0.0	6.856	56.65								
T	39.093263000	-95.614820000	950.2		86.1	-9.4	6.881	130.29								
T	39.093334000	-95.613285000	942.7		86.6	-1.7	6.963	436.45								
T	39.093434000	-95.610874000	956.9		86.9	2.1	7.093	685.29								
T	39.093479000	-95.609959000	970.8		86.4	5.3	7.142	260.22								
T	39.093512000	-95.609156000	973.2		87.0	1.0	7.186	228.23								
T	39.093529000	-95.608694000	978.4		87.3	4.0	7.210	131.28								
T	39.093531000	-95.608510000	976.5		89.2	-3.6	7.220	52.23								
T	39.093532000	-95.608010000	965.7		89.9	-7.6	7.247	141.92								
T	39.093528000	-95.607539000	964.6		90.6	-0.9	7.273	133.69								
T	39.093516000	-95.607000000	973.1		91.6	5.6	7.302	153.05								
T	39.093512000	-95.606909000	975.4		93.2	8.9	7.306	25.87								
T	39.093490000	-95.606485000	984.5		93.8	7.6	7.329	120.61								
T	39.093432000	-95.605716000	980.1		95.6	-2.0	7.371	219.29								
T	39.093394000	-95.605333000	980.5		97.3	0.4	7.392	109.59								
T	39.093351000	-95.604951000	977.9		98.3	-2.3	7.412	109.55								
T	39.093302000	-95.604564000	979.0		99.3	0.9	7.433	111.28								
T	39.093248000	-95.604184000	976.8		100.4	-2.0	7.454	109.64								
T	39.093152000	-95.603593000	966.6		101.8	-5.9	7.487	171.35								
T	39.092942000	-95.602524000	952.9		104.2	-4.4	7.546	312.91								
T	39.092919000	-95.602429000	953.9		107.3	3.5	7.551	28.24								
T	39.092778000	-95.601844000	956.8		107.3	1.7	7.584	173.80								
T	39.092638000	-95.601328000	956.0		109.3	-0.5	7.613	155.08								
T	39.092506000	-95.600875000	954.7		110.6	-0.9	7.639	137.27								
T	39.092386000	-95.600482000	944.8		111.5	-8.3	7.662	119.81								
T	39.092211000	-95.599949000	932.4		112.9	-7.5	7.693	164.16								
T	39.092069000	-95.599535000	930.7		113.8	-1.3	7.718	128.39								
T	39.091559000	-95.598218000	919.1		116.5	-2.8	7.797	417.43								
T	39.091358000	-95.597716000	916.8		117.3	-1.4	7.827	160.20								
T	39.091162000	-95.597211000	905.7		116.6	-6.9	7.857	160.13								
T	39.090971000	-95.596702000	894.5		115.8	-7.0	7.888	160.35								
T	39.090853000	-95.596415000	898.6		117.9	4.5	7.905	92.11								
T	39.090710000	-95.596016000	900.9		114.8	1.9	7.929	124.66								
T	39.090502000	-95.595403000	903.4		113.6	1.3	7.965	189.77								
T	39.090298000	-95.594760000	899.4		112.2	-2.0	8.002	197.06								
T	39.090258000	-95.594627000	898.6		111.2	-2.1	8.010	40.47								
T	39.090171000	-95.594314000	900.8		109.7	2.3	8.028	94.33								
T	39.090095000	-95.594036000	903.4		109.4	3.1	8.043	83.62								
T	39.089978000	-95.593573000	897.7		108.0	-4.1	8.070	138.16								
T	39.089871000	-95.593118000	892.5		106.9	-3.9	8.095	134.90								
T	39.089767000	-95.592622000	890.8		105.1	-1.2	8.123	145.80								
T	39.089675000	-95.592136000	885.8		103.7	-3.5	8.150	141.96								
T	39.089596000	-95.591679000	885.8		102.6	0.0	8.175	132.87								
T	39.089523000	-95.591183000	884.1		100.7	-1.2	8.202	143.28								
T	39.089458000	-95.590736000	879.4		100.6	-3.7	8.226	129.07								
T	39.089312000	-95.589645000	896.1		99.8	5.3	8.286	314.21								
T	39.089193000	-95.588724000	891.4		99.5	-1.8	8.336	264.99								
T	39.089020000	-95.587421000	885.8		99.7	-1.5	8.407	375.19								
T	39.088918000	-95.586630000	891.2		99.4	2.4	8.450	227.58								
T	39.088687000	-95.584877000	887.7		99.6	-0.7	8.546	504.66								
T	39.088273000	-95.581717000	881.0		99.6	-0.7	8.718	909.56								
T	39.088136000	-95.580668000	890.9		99.6	3.3	8.775	301.92								
T	39.088068000	-95.580139000	889.0		99.4	-1.2	8.804	152.19								
T	39.087993000	-95.579445000	889.1		97.9	0.0	8.842	198.88								
T	39.087940000	-95.578860000	887.9		96.7	-0.7	8.873	167.17								
T	39.087885000	-95.578214000	877.2		96.3	-5.8	8.908	184.46								
T	39.087847000	-95.577645000	879.6		94.9	1.5	8.939	162.11								
T	39.087797000	-95.576800000	897.5		94.4	7.4	8.985	240.55								
T	39.087770000	-95.576168000	898.8		93.2	0.7	9.019	179.67								
T	39.087738000	-95.574811000	889.6		91.7	-2.4	9.092	385.37								
T	39.087720000	-95.573839000	894.4		91.4	1.8	9.144	275.99								
T	39.087703000	-95.572803000	884.7		91.2	-3.3	9.200	294.14								
T	39.087673000	-95.570206000	882.2		90.9	-0.3	9.339	737.26								
T	39.087658000	-95.569253000	882.5		91.2	0.1	9.390	270.57								
T	39.087622000	-95.566975000	889.1		91.2	1.0	9.513	646.76								
T	39.087594000	-95.564866000	877.6		91.0	-1.9	9.626	598.74								
T	39.087566000	-95.563030000	883.9		91.1	1.2	9.725	521.26								
T	39.087533000	-95.560493000	876.9		91.0	-1.0	9.861	720.24								
T	39.087489000	-95.557723000	882.0		91.2	0.6	10.010	786.45								
T	39.087473000	-95.556594000	881.3		91.0	-0.2	10.071	320.53								
T	39.087444000	-95.554955000	881.8		91.3	0.1	10.159	465.36								
T	39.087436000	-95.554200000	880.8		90.8	-0.5	10.200	214.33								
T	39.087412000	-95.552583000	878.5		91.1	-0.5	10.287	459.08								
T	39.087392000	-95.551567000	879.1		91.5	0.2	10.341	288.49								
T	39.087370000	-95.550764000	876.4		92.0	-1.2	10.385	228.08								
T	39.087281000	-95.548395000	877.1		92.8	0.1	10.512	673.24								
T	39.087258000	-95.547463000	875.6		91.8	-0.6	10.562	264.69								
T	39.087239000	-95.546320000	883.6		91.2	2.5	10.624	324.52								
T	39.087238000	-95.545561000	889.4		90.1	2.7	10.665	215.45								
T	39.087224000	-95.543780000	880.6		90.6	-1.7	10.760	505.58								
T	39.087200000	-95.538324000	875.7		90.3	-0.3	11.054	1548.75								
T	39.087189000	-95.537473000	871.8		91.0	-1.6	11.099	241.60								
T	39.087168000	-95.536442000	884.7		91.5	4.4	11.155	292.76								
T	39.087095000	-95.534280000	881.0		92.5	-0.6	11.271	614.28								
T	39.087043000	-95.532844000	869.3		92.7	-2.9	11.348	408.06								
T	39.087034000	-95.532216000	877.1		91.1	4.4	11.382	178.29								
T	39.087026000	-95.531096000	874.1		90.5	-1.0	11.442	317.94								
T	39.087038000	-95.530428000	889.6		88.7	8.2	11.478	189.67								
T	39.087061000	-95.529575000	889.1		88.0	-0.2	11.524	242.28								
T	39.087100000	-95.528730000	884.2		86.6	-2.0	11.570	240.28								
T	39.087115000	-95.528407000	884.6		86.6	0.4	11.587	91.85								
T	39.087168000	-95.527601000	883.2		85.2	-0.6	11.631	229.60								
T	39.087218000	-95.527026000	888.1		83.6	3.0	11.662	164.23								
T	39.087277000	-95.526325000	887.2		83.8	-0.4	11.700	200.14								
T	39.087454000	-95.524673000	882.6		82.1	-1.0	11.789	473.34								
T	39.087577000	-95.523496000	890.5		82.3	2.3	11.853	337.09								
T	39.087642000	-95.522716000	890.9		83.9	0.2	11.895	222.67								
T	39.087684000	-95.522034000	893.5		85.5	1.3	11.932	194.19								
T	39.087704000	-95.521506000	893.9		87.2	0.3	11.960	150.05								
T	39.087719000	-95.521069000	895.0		87.5	0.8	11.984	124.17								
T	39.087728000	-95.520238000	890.0		89.2	-2.1	12.029	235.91								
T	39.087719000	-95.518283000	911.7		90.3	3.9	12.134	554.95								
T	39.087714000	-95.516722000	913.6		90.2	0.4	12.218	443.10								
T	39.087712000	-95.515401000	900.2		90.1	-3.6	12.289	374.97								
T	39.087706000	-95.513115000	897.2		90.2	-0.5	12.412	648.90								
T	39.087703000	-95.511327000	882.7		90.1	-2.9	12.508	507.54								
T	39.087703000	-95.510928000	882.3		90.0	-0.3	12.529	113.26								
T	39.087696000	-95.509166000	891.4		90.3	1.8	12.624	500.16								
T	39.087690000	-95.507488000	904.5		90.3	2.7	12.714	476.32								
T	39.087670000	-95.501626000	936.3		90.3	1.9	13.029	1663.98								
T	39.087665000	-95.499930000	931.5		90.2	-1.0	13.120	481.42								
T	39.087651000	-95.497198000	938.9		90.4	1.0	13.267	775.51								
T	39.087645000	-95.495514000	922.7		90.3	-3.4	13.358	478.02								
T	39.087640000	-95.494412000	936.1		90.3	4.3	13.417	312.82								
T	39.087632000	-95.493633000	931.6		90.8	-2.0	13.459	221.14								
T	39.087608000	-95.492977000	937.6		92.7	3.2	13.494	186.41								
T	39.087565000	-95.492198000	936.9		94.1	-0.3	13.536	221.68								
T	39.087509000	-95.491496000	939.5		95.9	1.3	13.574	200.31								
T	39.087445000	-95.490831000	921.2		97.1	-9.7	13.610	190.20								
T	39.087366000	-95.490111000	904.0		98.0	-8.3	13.649	206.39								
T	39.087306000	-95.489715000	908.8		101.0	4.2	13.671	114.51								
T	39.087242000	-95.489271000	906.8		100.5	-1.5	13.695	128.17								
T	39.087049000	-95.488139000	898.1		102.4	-2.6	13.758	328.93								
T	39.086912000	-95.487330000	906.6		102.3	3.6	13.802	235.00								
T	39.086814000	-95.486665000	902.2		100.8	-2.3	13.838	192.11								
T	39.086701000	-95.485793000	889.5		99.5	-5.1	13.886	250.92								
T	39.086623000	-95.485111000	901.7		98.4	6.2	13.923	195.67								
T	39.086576000	-95.484549000	902.3		96.1	0.4	13.953	160.45								
T	39.086531000	-95.484016000	894.7		96.2	-5.0	13.982	152.18								
T	39.086496000	-95.483407000	900.7		94.2	3.4	14.015	173.34								
T	39.086479000	-95.482949000	906.7		92.7	4.6	14.040	130.16								
T	39.086458000	-95.482167000	899.3		92.0	-3.3	14.082	222.11								
T	39.086458000	-95.481476000	884.4		90.0	-7.6	14.119	196.15								
T	39.086474000	-95.480625000	881.3		88.6	-1.3	14.165	241.64								
T	39.086516000	-95.479755000	887.0		86.4	2.3	14.212	247.43								
T	39.086599000	-95.478408000	878.3		85.5	-2.3	14.284	383.55								
T	39.086704000	-95.476735000	883.1		85.4	1.0	14.374	476.44								
T	39.086747000	-95.475892000	874.1		86.2	-3.7	14.420	239.81								
T	39.086784000	-95.474982000	883.5		87.0	3.6	14.469	258.66								
T	39.086801000	-95.473986000	871.6		88.7	-4.2	14.522	282.79								
T	39.086849000	-95.471104000	872.6		88.8	0.1	14.677	818.27								
T	39.086858000	-95.470550000	870.6		88.8	-1.3	14.707	157.29								
T	39.086889000	-95.469260000	871.2		88.2	0.1	14.777	366.35								
T	39.086967000	-95.464558000	863.3		88.8	-0.6	15.029	1335.01								
T	39.086978000	-95.464273000	863.4		87.2	0.2	15.045	81.00								
T	39.087096000	-95.462579000	852.5		84.9	-2.3	15.136	482.77								
T	39.087223000	-95.461137000	859.3		83.5	1.6	15.214	411.93								
T	39.087224000	-95.460561000	866.1		89.9	4.2	15.245	163.50								
T	39.087236000	-95.459396000	866.0		89.2	-0.0	15.308	330.72								
T	39.087239000	-95.437508000	859.4		90.0	-0.1	16.485	6213.08								
T	39.087239000	-95.430501000	860.2		90.0	0.0	16.861	1988.99								
T	39.087244000	-95.428453000	854.6		89.8	-1.0	16.971	581.34								
T	39.087244000	-95.427452000	852.2		90.0	-0.9	17.025	284.14								
T	39.087243000	-95.419099000	852.1		90.0	-0.0	17.474	2371.07								
T	39.087226000	-95.418657000	849.8		92.8	-1.8	17.498	125.62								
T	39.087201000	-95.418221000	855.9		94.2	4.9	17.522	124.10								
T	39.087140000	-95.417614000	865.6		97.4	5.6	17.554	173.73								
T	39.087057000	-95.416994000	855.3		99.8	-5.8	17.588	178.57								
T	39.086945000	-95.416325000	857.8		102.2	1.3	17.625	194.23								
T	39.086827000	-95.415753000	862.9		104.9	3.0	17.657	167.96								
T	39.086705000	-95.415264000	855.7		107.8	-4.9	17.684	145.75								
T	39.086537000	-95.414638000	856.1		109.1	0.2	17.720	187.94								
T	39.086314000	-95.413974000	859.5		113.4	1.6	17.759	205.24								
T	39.086162000	-95.413559000	862.3		115.3	2.2	17.784	130.16								
T	39.086008000	-95.413167000	858.5		116.8	-3.0	17.807	124.61								
T	39.085793000	-95.412687000	855.2		120.0	-2.1	17.837	157.15								
T	39.085528000	-95.412127000	863.7		121.4	4.6	17.872	185.97								
T	39.085184000	-95.411451000	866.1		123.2	1.1	17.916	229.18								
T	39.084764000	-95.410599000	862.8		122.4	-1.2	17.970	286.17								
T	39.084031000	-95.409183000	862.5		123.7	-0.1	18.061	482.54								
T	39.083486000	-95.408121000	857.0		123.5	-1.5	18.130	360.96								
T	39.082551000	-95.406303000	856.7		123.5	-0.0	18.247	618.32								
T	39.082173000	-95.405516000	850.8		121.7	-2.3	18.296	262.43								
T	39.081963000	-95.405038000	856.3		119.5	3.5	18.326	155.77								
T	39.081739000	-95.404504000	853.7		118.4	-1.5	18.358	172.15								
T	39.081583000	-95.404085000	850.4		115.6	-2.5	18.383	131.82								
T	39.081391000	-95.403460000	854.8		111.6	2.3	18.420	190.71								
T	39.081211000	-95.402830000	857.3		110.2	1.3	18.456	190.48								
T	39.081039000	-95.402085000	850.9		106.6	-2.9	18.497	220.58								
T	39.080893000	-95.401247000	847.2		102.6	-1.5	18.544	243.77								
T	39.080814000	-95.400631000	852.1		99.4	2.8	18.577	177.22								
T	39.080737000	-95.399941000	853.2		98.2	0.6	18.615	197.88								
T	39.080698000	-95.399182000	853.2		93.8	-0.0	18.655	215.94								
T	39.080685000	-95.398464000	852.9		91.3	-0.1	18.694	203.88								
T	39.080688000	-95.397447000	869.2		89.8	5.7	18.749	288.71								
T	39.080688000	-95.396996000	866.5		90.0	-2.2	18.773	128.03								
T	39.080687000	-95.396482000	850.0		90.1	-11.3	18.801	145.92								
T	39.080688000	-95.393971000	856.7		90.0	0.9	18.936	712.83								
T	39.080691000	-95.391217000	863.5		89.9	0.9	19.084	781.82								
T	39.080686000	-95.390195000	856.3		90.4	-2.5	19.139	290.14								
T	39.080651000	-95.389225000	859.8		92.7	1.3	19.191	275.66								
T	39.080589000	-95.388357000	859.6		95.3	-0.1	19.238	247.44								
T	39.080496000	-95.387563000	856.3		98.6	-1.4	19.281	227.94								
T	39.080320000	-95.386536000	856.3		102.4	-0.0	19.337	298.51								
T	39.080082000	-95.385499000	855.7		106.5	-0.2	19.396	306.89								
T	39.079779000	-95.384411000	857.1		109.7	0.4	19.458	327.99								
T	39.079461000	-95.383376000	860.5		111.6	1.1	19.518	315.83								
T	39.079041000	-95.382024000	866.7		111.8	1.5	19.596	413.18								
T	39.078664000	-95.382024000	858.2		180.0	-6.2	19.622	137.31								
T	39.077890000	-95.382024000	843.4		180.0	-5.2	19.675	281.91								
T	39.076899000	-95.382012000	853.6		179.5	2.8	19.744	360.97								
T	39.076672000	-95.382011000	856.2		179.8	3.2	19.759	82.68								
T	39.076227000	-95.382009000	860.7		179.8	2.8	19.790	162.08								
T	39.072988000	-95.381993000	856.2		179.8	-0.4	20.013	1179.75								
T	39.072603000	-95.381989000	855.8		179.5	-0.3	20.040	140.23								
T	39.071319000	-95.381986000	854.6		179.9	-0.2	20.128	467.67								
T	39.071198000	-95.381983000	851.8		178.9	-6.5	20.137	44.08								
T	39.071181000	-95.381983000	851.4		180.0	-6.5	20.138	6.19								
T	39.071121000	-95.381981000	850.0		178.5	-6.5	20.142	21.86								
T	39.070213000	-95.381990000	853.2		180.4	1.0	20.205	330.73								
T	39.069866000	-95.381991000	857.1		180.1	3.0	20.229	126.39								
T	39.067893000	-95.381964000	849.5		179.4	-1.1	20.365	718.66								
T	39.066593000	-95.381967000	848.9		180.1	-0.1	20.455	473.50								
T	39.066382000	-95.381966000	846.5		179.8	-3.0	20.469	76.85								
T	39.064916000	-95.381960000	853.1		179.8	1.2	20.570	533.96								
T	39.064777000	-95.381958000	853.0		179.4	-0.2	20.580	50.63								
T	39.062624000	-95.381931000	864.5		179.4	1.5	20.728	784.22								
T	39.062512000	-95.381930000	863.2		179.6	-3.2	20.736	40.79								
T	39.062355000	-95.381934000	864.6		181.1	2.4	20.747	57.20								
T	39.061578000	-95.381980000	849.3		182.6	-5.4	20.801	283.31								
T	39.061029000	-95.382098000	847.9		189.5	-0.7	20.839	202.75								
T	39.060509000	-95.382299000	845.9		196.7	-1.0	20.876	197.81								
T	39.059802000	-95.382524000	847.7		193.9	0.7	20.927	265.32								
T	39.056053000	-95.383789000	853.5		194.7	0.4	21.194	1411.95								
T	39.056038000	-95.383794000	853.6		194.5	2.3	21.195	5.64								
T	39.055172000	-95.384102000	850.1		195.4	-1.1	21.257	327.32								
T	39.054783000	-95.384223000	854.4		193.6	2.9	21.285	145.79								
T	39.054196000	-95.384431000	865.2		195.4	4.9	21.327	221.81								
T	39.053786000	-95.384567000	852.2		194.4	-8.4	21.356	154.25								
T	39.053486000	-95.384682000	851.7		196.6	-0.5	21.378	114.04								
T	39.053349000	-95.384743000	852.1		199.1	0.8	21.388	52.82								
T	39.053088000	-95.384876000	850.8		201.6	-1.3	21.407	102.29								
T	39.052797000	-95.385040000	849.7		203.6	-1.0	21.429	115.77								
T	39.052577000	-95.385180000	849.7		206.3	0.1	21.446	89.45								
T	39.051952000	-95.385618000	856.2		208.6	2.5	21.495	259.41								
T	39.051426000	-95.385992000	856.1		208.9	-0.0	21.536	219.06								
T	39.048758000	-95.387833000	843.2		208.2	-1.2	21.745	1103.49								
T	39.047323000	-95.388823000	876.8		208.2	5.7	21.858	593.50								
T	39.046949000	-95.389053000	885.7		205.5	5.9	21.886	151.07								
T	39.046710000	-95.389199000	888.5		205.4	2.9	21.905	96.42								
T	39.046432000	-95.389347000	890.9		202.5	2.2	21.925	109.63								
T	39.045924000	-95.389543000	895.0		196.7	2.1	21.962	193.22								
T	39.045254000	-95.389720000	886.1		191.6	-3.6	22.009	249.16								
T	39.044109000	-95.390011000	883.2		191.2	-0.7	22.090	425.15								
T	39.043085000	-95.390258000	885.9		190.6	0.7	22.162	379.51								
T	39.041968000	-95.390528000	885.2		190.6	-0.2	22.240	414.01								
T	39.041369000	-95.390675000	885.6		190.8	0.2	22.282	222.13								
T	39.040104000	-95.390984000	908.0		190.7	4.8	22.371	469.03								
T	39.039581000	-95.391105000	897.3		190.2	-5.5	22.408	193.57								
T	39.039371000	-95.391149000	897.0		189.2	-0.3	22.422	77.50								
T	39.039060000	-95.391192000	900.7		186.1	3.2	22.444	113.93								
T	39.038938000	-95.391196000	903.3		181.5	5.8	22.452	44.45								
T	39.038613000	-95.391205000	907.7		181.2	3.8	22.475	118.40								
T	39.037851000	-95.391213000	919.2		180.5	4.1	22.527	277.55								
T	39.037246000	-95.391214000	919.0		180.1	-0.1	22.569	220.36								
T	39.034363000	-95.391221000	940.6		180.1	2.1	22.768	1050.07								
T	39.033069000	-95.391229000	950.7		180.3	2.1	22.857	471.31								
T	39.030476000	-95.391245000	988.5		180.3	4.0	23.036	944.45								
T	39.029705000	-95.391250000	989.6		180.3	0.4	23.089	280.82								
T	39.026751000	-95.391273000	1008.6		180.3	1.8	23.293	1075.94								
T	39.026106000	-95.391278000	1015.7		180.3	3.0	23.337	234.93								
T	39.025814000	-95.391284000	1012.4		180.9	-3.1	23.358	106.37								
T	39.025736000	-95.391281000	1010.3		178.3	-7.5	23.363	28.42								
T	39.024778000	-95.391307000	1006.9		181.2	-1.0	23.429	349.01								
T	39.024114000	-95.391313000	1003.3		180.4	-1.5	23.475	241.85								
T	39.024026000	-95.391314000	1002.3		180.5	-3.2	23.481	32.05								
T	39.022720000	-95.391331000	984.9		180.6	-3.6	23.571	475.70								
T	39.022256000	-95.391337000	1001.2		180.6	9.6	23.603	169.01								
T	39.017264000	-95.391406000	1006.7		180.6	0.3	23.947	1818.32								
T	39.016990000	-95.391409000	1007.0		180.5	0.3	23.966	99.80								
T	39.016478000	-95.391415000	1008.0		180.5	0.5	24.002	186.49								
T	39.015322000	-95.391418000	1011.7		180.1	0.9	24.081	421.04								
T	39.014971000	-95.391418000	1016.1		180.0	3.4	24.106	127.84								
T	39.014083000	-95.391420000	992.1		180.1	-7.4	24.167	323.43								
T	39.013841000	-95.391421000	988.6		180.2	-4.0	24.184	88.14								
T	39.012998000	-95.391414000	1000.4		179.6	3.9	24.242	307.05								
T	39.011943000	-95.391405000	967.9		179.6	-8.5	24.315	384.27								
T	39.011773000	-95.391404000	973.9		179.7	9.7	24.326	61.92								
T	39.010410000	-95.391393000	972.4		179.6	-0.3	24.420	496.45								
T	39.010209000	-95.391391000	970.2		179.6	-3.0	24.434	73.21								
T	39.008757000	-95.391379000	992.8		179.6	4.3	24.534	528.87								
T	39.007756000	-95.391371000	987.3		179.6	-1.5	24.603	364.60								
T	39.003976000	-95.391355000	1012.8		179.8	1.8	24.864	1376.78								
T	39.003852000	-95.391353000	1016.2		179.3	7.6	24.873	45.17								
T	39.003722000	-95.391346000	1017.5		177.6	2.7	24.882	47.39								
T	39.003588000	-95.391332000	1018.2		175.4	1.3	24.891	48.97								
T	39.003450000	-95.391310000	1016.7		172.9	-2.8	24.900	50.65								
T	39.003308000	-95.391279000	1015.6		170.4	-2.2	24.910	52.46								
T	39.003162000	-95.391238000	1014.4		167.7	-2.3	24.921	54.44								
T	39.003015000	-95.391185000	1013.8		164.3	-1.0	24.931	55.62								
T	39.002865000	-95.391119000	1013.8		161.1	0.0	24.942	57.76								
T	39.002712000	-95.391048000	1013.0		160.2	-1.3	24.953	59.27								
T	39.002568000	-95.390967000	1011.3		156.4	-3.0	24.964	57.28								
T	39.002433000	-95.390879000	1011.3		153.1	-0.0	24.975	55.17								
T	39.002322000	-95.390803000	1013.1		152.0	3.9	24.983	45.84								
T	39.002215000	-95.390724000	1016.5		150.2	7.7	24.992	44.98								
T	39.002134000	-95.390657000	1019.1		147.3	7.3	24.999	35.11								
T	39.002046000	-95.390584000	1020.3		147.2	3.2	25.006	38.18								
T	39.001962000	-95.390508000	1021.5		144.9	3.1	25.013	37.45								
T	39.001879000	-95.390427000	1021.5		142.8	0.2	25.020	38.00								
T	39.001795000	-95.390339000	1019.6		140.8	-5.0	25.028	39.52								
T	39.001718000	-95.390456000	1017.1		229.7	-5.6	25.036	43.50								
T	39.001680000	-95.390509000	1016.7		227.3	-1.9	25.040	20.46								
T	39.001636000	-95.390569000	1016.9		226.7	0.5	25.044	23.40								
T	39.001587000	-95.390634000	1017.0		225.9	0.7	25.049	25.69								
T	39.001531000	-95.390704000	1017.2		224.2	0.6	25.054	28.49								
T	39.001469000	-95.390778000	1017.4		222.8	0.5	25.060	30.86								
T	39.001401000	-95.390855000	1017.7		221.3	1.1	25.067	33.05								
T	39.001325000	-95.390933000	1021.7		218.6	11.2	25.073	35.46								
T	39.001242000	-95.391011000	1026.5		216.1	12.8	25.080	37.49								
T	39.001150000	-95.391088000	1031.5		213.0	12.7	25.088	40.02								
T	39.001042000	-95.391156000	1037.3		206.1	13.1	25.096	43.83								
T	39.000954000	-95.391203000	1040.6		202.5	9.6	25.103	34.72								
T	39.000862000	-95.391242000	1042.8		198.2	6.2	25.109	35.29								
T	39.000772000	-95.391276000	1042.8		196.4	0.1	25.116	34.17								
T	39.000682000	-95.391303000	1042.7		193.1	-0.3	25.122	33.67								
T	39.000593000	-95.391326000	1043.1		191.4	1.0	25.129	33.07								
T	39.000491000	-95.391340000	1044.7		186.1	4.4	25.136	37.36								
T	39.000440000	-95.391343000	1045.8		182.6	6.0	25.139	18.59								
T	39.000366000	-95.391343000	1047.4		180.0	5.9	25.144	26.95								
T	39.000018000	-95.391338000	1052.3		179.4	3.9	25.168	126.76								
T	38.999444000	-95.391331000	1049.9		179.5	-1.2	25.208	209.07								
T	38.994435000	-95.391266000	1087.5		179.4	2.1	25.553	1824.49								
T	38.994400000	-95.391266000	1086.5		180.0	-7.9	25.556	12.75								
T	38.993364000	-95.391266000	1057.3		180.0	-7.7	25.627	377.34								
T	38.993184000	-95.391266000	1052.7		180.0	-7.0	25.640	65.56								
T	38.993184000	-95.393174000	1085.5		270.0	6.0	25.742	542.32								
T	38.993185000	-95.395852000	1128.8		270.0	5.7	25.887	761.18								
T	38.993197000	-95.396052000	1131.2		274.4	4.1	25.897	57.01								
T	38.993232000	-95.396358000	1134.8		278.4	4.1	25.914	87.91								
T	38.993259000	-95.396510000	1133.4		282.9	-3.3	25.922	44.31								
T	38.993335000	-95.396846000	1125.6		286.2	-7.8	25.941	99.43								
T	38.993382000	-95.397008000	1123.1		290.5	-5.1	25.951	49.13								
T	38.993515000	-95.397347000	1124.7		296.8	1.5	25.971	107.85								
T	38.993705000	-95.397721000	1123.6		303.2	-0.9	25.995	126.84								
T	38.993855000	-95.397966000	1122.7		308.2	-1.0	26.012	88.51								
T	38.994972000	-95.399539000	1123.4		312.4	0.1	26.126	604.49								
T	38.995075000	-95.399684000	1119.4		312.4	-7.2	26.137	55.73								
T	38.995561000	-95.400369000	1115.6		312.4	-1.4	26.187	263.13								
T	38.995639000	-95.400479000	1117.5		312.4	4.4	26.195	42.24								
T	38.995742000	-95.400630000	1121.6		311.3	7.4	26.205	57.00								
T	38.995855000	-95.400795000	1128.0		311.4	10.2	26.217	62.40								
T	38.996049000	-95.401069000	1131.2		312.3	3.0	26.237	105.16								
T	38.996138000	-95.401195000	1131.4		312.3	0.6	26.246	48.30								
T	38.998054000	-95.403903000	1122.1		312.3	-0.9	26.443	1038.93								
T	38.998116000	-95.403991000	1121.8		312.2	-0.8	26.449	33.70								
T	38.998312000	-95.404282000	1117.8		310.9	-3.7	26.470	109.25								
T	38.998379000	-95.404399000	1117.1		306.4	-1.6	26.478	41.25								
T	38.998401000	-95.404436000	1117.2		307.4	0.6	26.481	13.22								
T	38.998477000	-95.404599000	1117.9		301.0	1.4	26.491	53.97								
T	38.998609000	-95.404912000	1118.7		298.5	0.8	26.510	101.12								
T	38.998683000	-95.405128000	1120.1		293.8	2.0	26.523	67.05								
T	38.998759000	-95.405391000	1119.2		290.4	-1.1	26.538	79.71								
T	38.998791000	-95.405537000	1117.8		285.7	-3.1	26.546	43.10								
T	38.998823000	-95.405712000	1119.4		283.2	3.1	26.556	51.08								
T	38.998847000	-95.405891000	1121.1		279.8	3.2	26.565	51.62								
T	38.998861000	-95.406082000	1121.4		275.4	0.6	26.576	54.52								
T	38.998866000	-95.406480000	1119.5		270.9	-1.6	26.597	113.13								
T	38.998861000	-95.406661000	1115.6		268.0	-7.6	26.607	51.47								
T	38.998846000	-95.406841000	1115.8		263.9	0.4	26.617	51.45								
T	38.998822000	-95.407019000	1117.6		260.2	3.5	26.626	51.34								
T	38.998759000	-95.407319000	1121.7		254.9	4.6	26.643	88.30								
T	38.998717000	-95.407487000	1123.1		252.2	3.0	26.652	50.14								
T	38.998666000	-95.407667000	1122.7		250.0	-0.8	26.663	54.43								
T	38.998500000	-95.408258000	1129.0		250.1	3.5	26.697	178.52								
T	38.998419000	-95.408538000	1130.1		249.6	1.3	26.713	84.87								
T	38.998284000	-95.409004000	1131.6		249.6	1.1	26.739	141.28								
T	38.998192000	-95.409418000	1131.7		254.0	0.1	26.763	122.34								
T	38.998159000	-95.409634000	1131.9		258.9	0.3	26.774	62.56								
T	38.998127000	-95.409915000	1129.6		261.7	-2.8	26.790	80.71								
T	38.998119000	-95.410132000	1124.3		267.3	-8.6	26.801	61.74								
T	38.998119000	-95.410466000	1116.8		270.0	-7.9	26.819	94.93								
T	38.998127000	-95.410648000	1114.7		273.2	-4.1	26.829	51.81								
T	38.998175000	-95.411033000	1112.6		279.1	-1.9	26.850	110.81								
T	38.998219000	-95.411277000	1112.2		283.1	-0.6	26.864	71.18								
T	38.998292000	-95.411579000	1114.5		287.3	2.5	26.881	89.86								
T	38.998398000	-95.411920000	1115.4		291.8	0.9	26.900	104.32								
T	38.998467000	-95.412104000	1115.2		295.8	-0.3	26.911	58.02								
T	38.998555000	-95.412310000	1114.8		298.8	-0.6	26.924	66.75								
T	38.999233000	-95.413657000	1104.6		302.9	-2.2	27.010	455.57								
T	38.999366000	-95.413981000	1106.8		297.8	2.1	27.030	104.05								
T	38.999465000	-95.414269000	1109.5		293.9	3.1	27.047	89.44								
T	38.999557000	-95.414584000	1113.2		290.6	3.9	27.065	95.59								
T	38.999637000	-95.414908000	1114.5		287.6	1.3	27.083	96.58								
T	38.999691000	-95.415197000	1115.1		283.5	0.8	27.099	84.46								
T	38.999712000	-95.415354000	1115.3		279.8	0.5	27.108	45.27								
T	38.999841000	-95.416336000	1112.6		279.6	-1.0	27.162	283.02								
T	39.000178000	-95.418890000	1113.6		279.6	0.1	27.301	736.17								
T	39.000267000	-95.419592000	1110.9		279.3	-1.3	27.339	202.13								
T	39.000283000	-95.419766000	1111.9		276.7	1.9	27.349	49.79								
T	39.000289000	-95.419923000	1111.4		272.8	-1.0	27.357	44.67								
T	39.000291000	-95.420214000	1111.3		270.5	-0.2	27.373	82.71								
T	39.000260000	-95.420977000	1111.0		267.0	-0.1	27.414	217.14								
T	39.000218000	-95.421786000	1120.2		266.2	4.0	27.458	230.43								
T	39.000178000	-95.422549000	1110.1		266.1	-4.6	27.499	217.34								
T	39.000169000	-95.422947000	1101.7		268.3	-7.4	27.520	113.16								
T	39.000162000	-95.423276000	1099.9		268.4	-1.9	27.538	93.54								
T	39.000164000	-95.423913000	1117.3		270.2	9.6	27.572	181.04								
T	39.000204000	-95.425329000	1109.3		272.1	-2.0	27.648	402.70								
T	39.000225000	-95.426054000	1124.2		272.1	7.2	27.688	206.19								
T	39.000242000	-95.426460000	1113.5		273.1	-9.3	27.709	115.55								
T	39.000330000	-95.428518000	1107.0		273.2	-1.1	27.820	585.77								
T	39.000375000	-95.429738000	1116.8		272.7	2.8	27.886	347.12								
T	39.000387000	-95.430206000	1124.8		271.9	6.1	27.911	133.08								
T	39.000392000	-95.430410000	1126.6		271.8	2.9	27.922	58.01								
T	39.000418000	-95.431071000	1121.1		272.9	-2.9	27.958	188.10								
T	39.000430000	-95.431722000	1110.4		271.4	-5.8	27.993	185.07								
T	39.000456000	-95.434879000	1129.5		270.6	2.1	28.163	897.29								
T	39.000467000	-95.436185000	1117.0		270.6	-3.4	28.233	371.19								
T	39.000470000	-95.436902000	1121.6		270.3	2.3	28.272	203.78								
T	39.000486000	-95.437365000	1121.7		272.5	0.0	28.297	131.72								
T	39.000501000	-95.437559000	1123.0		275.7	2.4	28.307	55.41								
T	39.000524000	-95.437735000	1122.1		279.5	-1.8	28.317	50.72								
T	39.000552000	-95.437908000	1125.1		281.8	6.0	28.326	50.21								
T	39.000603000	-95.438156000	1129.2		284.8	5.6	28.340	72.89								
T	39.000643000	-95.438292000	1129.6		290.7	1.1	28.348	41.31								
T	39.000694000	-95.438445000	1128.3		293.2	-2.9	28.357	47.28								
T	39.000852000	-95.438865000	1122.4		295.8	-4.4	28.382	132.51								
T	39.001106000	-95.439567000	1117.4		295.0	-2.3	28.424	219.92								
T	39.001511000	-95.440689000	1108.7		294.9	-2.5	28.490	351.34								
T	39.002385000	-95.443066000	1107.7		295.3	-0.1	28.632	746.79								
T	39.003499000	-95.446083000	1116.6		295.4	0.9	28.811	948.58								
T	39.003908000	-95.447228000	1131.2		294.7	4.1	28.879	357.88								
T	39.004571000	-95.449963000	1128.8		287.3	-0.3	29.033	813.91								
T	39.004778000	-95.450800000	1123.1		287.7	-2.3	29.081	249.53								
T	39.004845000	-95.451092000	1122.1		286.5	-1.1	29.097	86.50								
T	39.005081000	-95.452067000	1124.3		287.3	0.7	29.152	290.11								
T	39.005321000	-95.453055000	1127.6		287.4	1.1	29.208	294.07								
T	39.005409000	-95.453418000	1127.0		287.3	-0.5	29.228	108.02								
T	39.005452000	-95.453597000	1127.3		287.2	0.6	29.238	53.23								
T	39.005809000	-95.455117000	1106.1		286.8	-4.7	29.324	451.11								
T	39.005998000	-95.455892000	1113.9		287.4	3.4	29.367	230.75								
T	39.006035000	-95.456044000	1113.9		287.4	0.1	29.376	45.25								
T	39.006130000	-95.456432000	1109.3		287.5	-4.0	29.398	115.56								
T	39.006208000	-95.456728000	1110.1		288.7	0.8	29.414	88.79								
T	39.006279000	-95.456993000	1110.3		289.0	0.3	29.430	79.62								
T	39.006337000	-95.457328000	1107.1		282.6	-3.4	29.448	97.52								
T	39.006454000	-95.457679000	1105.9		293.2	-1.1	29.469	108.47								
T	39.006696000	-95.458468000	1095.9		291.5	-4.2	29.514	240.92								
T	39.006921000	-95.459285000	1090.8		289.5	-2.1	29.561	246.21								
T	39.007248000	-95.460403000	1112.0		290.6	6.3	29.625	339.30								
T	39.007337000	-95.460736000	1114.6		289.0	2.6	29.644	100.03								
T	39.007340000	-95.460747000	1114.5		289.3	-2.4	29.645	3.31								
T	39.007393000	-95.460987000	1111.0		285.9	-5.0	29.658	70.88								
T	39.007435000	-95.461254000	1106.8		281.4	-5.3	29.673	77.40								
T	39.007451000	-95.461380000	1105.2		279.3	-4.6	29.680	36.28								
T	39.007458000	-95.461469000	1105.0		275.8	-0.7	29.684	25.42								
T	39.007468000	-95.461586000	1105.0		276.3	-0.0	29.691	33.45								
T	39.007499000	-95.462177000	1111.6		273.9	3.9	29.723	168.33								
T	39.007518000	-95.462626000	1109.0		273.1	-2.0	29.747	127.78								
T	39.007543000	-95.462975000	1111.8		275.3	2.8	29.766	99.59								
T	39.007553000	-95.463065000	1113.0		278.1	4.9	29.771	25.83								
T	39.007565000	-95.463168000	1115.3		278.5	7.7	29.776	29.59								
T	39.007595000	-95.463340000	1118.8		282.7	7.0	29.786	50.08								
T	39.007647000	-95.463545000	1119.9		288.1	1.8	29.797	61.26								
T	39.007697000	-95.463741000	1118.2		288.2	-3.0	29.808	58.60								
T	39.007807000	-95.464091000	1112.9		292.0	-4.9	29.829	107.23								
T	39.007940000	-95.464460000	1112.5		294.9	-0.4	29.851	115.51								
T	39.008074000	-95.464874000	1107.6		292.6	-3.8	29.875	127.37								
T	39.008194000	-95.465287000	1109.0		290.5	1.1	29.898	125.24								
T	39.009097000	-95.468567000	1125.4		289.5	1.7	30.086	988.41								
T	39.009148000	-95.468752000	1123.4		289.5	-3.5	30.096	55.76								
T	39.009581000	-95.470292000	1114.0		289.9	-2.0	30.184	465.17								
T	39.009852000	-95.471258000	1128.6		289.9	5.0	30.240	291.71								
T	39.010377000	-95.473235000	1130.9		288.9	0.4	30.352	593.45								
T	39.010415000	-95.473377000	1132.4		289.0	3.6	30.360	42.66								
T	39.010733000	-95.474545000	1125.2		289.3	-2.1	30.427	351.53								
T	39.011009000	-95.475572000	1119.6		289.1	-1.8	30.485	308.66								
T	39.011155000	-95.476167000	1126.0		287.5	3.6	30.519	177.24								
T	39.011235000	-95.476553000	1131.8		284.9	5.1	30.540	113.49								
T	39.011716000	-95.478794000	1116.1		285.4	-2.4	30.665	660.46								
T	39.011743000	-95.478923000	1118.0		285.1	4.8	30.672	37.95								
T	39.011886000	-95.479598000	1113.0		285.3	-2.5	30.710	198.75								
T	39.012536000	-95.482669000	1098.6		285.2	-1.6	30.881	904.19								
T	39.012959000	-95.484656000	1116.1		285.3	3.0	30.992	585.26								
T	39.013042000	-95.485046000	1116.0		285.3	-0.1	31.014	114.87								
T	39.013120000	-95.485443000	1122.2		284.2	5.4	31.036	116.33								
T	39.013209000	-95.485892000	1121.0		284.3	-0.9	31.061	131.64								
T	39.013254000	-95.486311000	1119.0		277.9	-1.6	31.084	120.18								
T	39.013271000	-95.486532000	1119.1		275.7	0.1	31.096	63.10								
T	39.013287000	-95.486750000	1118.6		275.4	-0.8	31.107	62.22								
T	39.013502000	-95.489827000	1121.3		275.1	0.3	31.274	877.84								
T	39.013522000	-95.490220000	1123.1		273.7	1.6	31.295	111.91								
T	39.013536000	-95.490663000	1123.3		272.3	0.2	31.319	125.98								
T	39.013541000	-95.490993000	1125.3		271.1	2.1	31.336	93.79								
T	39.013545000	-95.491295000	1123.7		271.0	-1.9	31.353	85.83								
T	39.013554000	-95.491945000	1120.1		271.0	-1.9	31.388	184.73								
T	39.013621000	-95.495595000	1107.7		271.4	-1.2	31.584	1037.45								
T	39.013657000	-95.496049000	1090.4		275.8	-13.3	31.609	129.67								
T	39.013724000	-95.496463000	1083.7		281.8	-5.6	31.631	120.14								
T	39.013818000	-95.496802000	1081.5		289.6	-2.1	31.651	102.23								
T	39.013851000	-95.496970000	1079.2		284.2	-4.6	31.660	49.23								
T	39.013944000	-95.497171000	1074.6		300.8	-7.0	31.673	66.40								
T	39.014165000	-95.497650000	1071.3		300.7	-2.1	31.703	158.13								
T	39.014304000	-95.497893000	1072.8		306.4	1.8	31.719	85.62								
T	39.014440000	-95.498097000	1073.3		310.6	0.6	31.733	76.25								
T	39.014569000	-95.498272000	1072.8		313.5	-0.8	31.746	68.41								
T	39.014755000	-95.498481000	1072.8		318.9	0.0	31.763	90.09								
T	39.014967000	-95.498699000	1073.3		321.4	0.5	31.782	98.99								
T	39.015097000	-95.498810000	1076.4		326.4	5.5	31.793	56.89								
T	39.015341000	-95.499035000	1078.8		324.4	2.1	31.814	109.48								
T	39.015734000	-95.499381000	1076.5		325.6	-1.3	31.846	173.65								
T	39.016535000	-95.500102000	1077.7		325.0	0.3	31.914	356.49								
T	39.017100000	-95.500582000	1087.6		326.6	4.0	31.961	246.88								
T	39.017319000	-95.500737000	1087.8		331.2	0.2	31.978	91.12								
T	39.017521000	-95.500863000	1090.1		334.1	2.8	31.994	81.82								
T	39.017732000	-95.500973000	1097.7		337.9	9.2	32.009	82.96								
T	39.017958000	-95.501074000	1104.2		340.9	7.4	32.026	87.17								
T	39.017985000	-95.501082000	1104.6		347.0	4.5	32.028	10.09								
T	39.018040000	-95.501098000	1105.4		347.3	3.9	32.032	20.54								
T	39.018161000	-95.501149000	1107.2		341.9	3.7	32.040	46.39								
T	39.018283000	-95.501179000	1108.5		349.2	2.9	32.049	45.25								
T	39.018311000	-95.501186000	1108.7		349.0	2.5	32.051	10.39								
T	39.018317000	-95.501188000	1108.8		345.5	2.4	32.051	2.26								
T	39.018344000	-95.501194000	1108.9		350.2	1.4	32.053	9.98								
T	39.018512000	-95.501241000	1108.9		347.7	0.0	32.065	62.63								
T	39.018617000	-95.501269000	1108.9		348.3	0.0	32.072	39.06								
T	39.018723000	-95.501283000	1108.9		354.1	0.0	32.080	38.81								
T	39.018921000	-95.501281000	1108.7		0.4	-0.3	32.093	72.12								
T	39.019056000	-95.501285000	1107.7		358.7	-2.0	32.103	49.18								
T	39.019219000	-95.501289000	1106.8		358.9	-1.5	32.114	59.38								
T	39.019312000	-95.501289000	1106.8		0.0	0.0	32.120	33.87								
T	39.019403000	-95.501296000	1106.7		356.6	-0.2	32.127	33.20								
T	39.019703000	-95.501323000	1109.5		356.0	2.5	32.147	109.54								
T	39.021016000	-95.501320000	1109.8		0.1	0.1	32.238	478.23								
T	39.021284000	-95.501320000	1109.4		0.0	-0.3	32.257	97.61								
T	39.021322000	-95.501320000	1109.5		0.0	0.8	32.259	13.84								
T	39.021864000	-95.501321000	1109.7		359.9	0.1	32.297	197.41								
T	39.023562000	-95.501342000	1096.3		359.4	-2.2	32.414	618.48								
T	39.024234000	-95.501354000	1103.8		359.2	3.1	32.460	244.78								
T	39.024776000	-95.501366000	1115.0		359.0	5.7	32.497	197.44								
T	39.025272000	-95.501361000	1114.8		0.4	-0.1	32.532	180.66								
T	39.025773000	-95.501369000	1101.2		359.3	-7.5	32.566	182.49								
T	39.025988000	-95.501377000	1097.1		358.3	-5.2	32.581	78.34								
T	39.026130000	-95.501384000	1095.5		357.8	-3.2	32.591	51.76								
T	39.026319000	-95.501399000	1093.4		356.5	-3.0	32.604	68.97								
T	39.026455000	-95.501420000	1092.3		353.2	-2.1	32.613	49.89								
T	39.026579000	-95.501449000	1091.5		349.7	-1.7	32.622	45.91								
T	39.026704000	-95.501478000	1090.3		349.8	-2.8	32.631	46.27								
T	39.026804000	-95.501516000	1089.4		343.6	-2.3	32.638	37.99								
T	39.026888000	-95.501548000	1089.1		343.5	-0.7	32.644	31.92								
T	39.027070000	-95.501637000	1090.6		339.2	2.0	32.658	70.95								
T	39.027153000	-95.501686000	1091.8		335.4	3.8	32.664	33.28								
T	39.027244000	-95.501740000	1093.6		335.3	5.0	32.671	36.52								
T	39.027413000	-95.501861000	1097.1		330.9	4.9	32.684	70.50								
T	39.027453000	-95.501900000	1098.0		322.9	5.1	32.688	18.30								
T	39.027667000	-95.502106000	1099.8		323.2	1.9	32.706	97.47								
T	39.028373000	-95.502788000	1102.4		323.1	0.8	32.767	321.97								
T	39.028516000	-95.502937000	1102.4		321.0	0.0	32.780	67.12								
T	39.028646000	-95.503091000	1102.8		317.4	0.6	32.792	64.47								
T	39.028766000	-95.503252000	1104.7		313.8	3.0	32.804	63.26								
T	39.028879000	-95.503421000	1106.6		310.7	3.1	32.816	63.24								
T	39.028985000	-95.503602000	1106.5		307.0	-0.2	32.828	64.30								
T	39.029060000	-95.503752000	1105.3		302.8	-2.5	32.838	50.62								
T	39.029162000	-95.503987000	1105.6		299.2	0.5	32.852	76.40								
T	39.029246000	-95.504224000	1105.6		294.5	0.0	32.866	73.95								
T	39.029289000	-95.504366000	1105.6		291.3	0.0	32.874	43.27								
T	39.029328000	-95.504511000	1105.6		289.1	0.0	32.883	43.57								
T	39.029361000	-95.504658000	1105.6		286.1	0.0	32.891	43.46								
T	39.029389000	-95.504807000	1104.8		283.6	-1.8	32.899	43.54								
T	39.029412000	-95.504957000	1103.2		281.2	-3.8	32.907	43.43								
T	39.029442000	-95.505261000	1102.3		277.2	-1.0	32.924	87.05								
T	39.029449000	-95.505414000	1100.8		273.4	-3.6	32.932	43.54								
T	39.029452000	-95.506334000	1092.5		270.2	-3.2	32.981	261.36								
T	39.029444000	-95.508123000	1119.6		269.7	5.3	33.078	508.24								
T	39.029444000	-95.508142000	1119.8		270.0	4.2	33.079	5.40								
T	39.029443000	-95.508296000	1121.6		269.5	4.1	33.087	43.75								
T	39.029440000	-95.510695000	1102.4		269.9	-2.8	33.216	681.53								
T	39.029437000	-95.513489000	1090.4		269.9	-1.5	33.366	793.75								
T	39.029436000	-95.515016000	1066.1		270.0	-5.6	33.449	433.80								
T	39.029435000	-95.516076000	1063.2		269.9	-1.0	33.506	301.14								
T	39.029426000	-95.519984000	1046.4		269.8	-1.5	33.716	1110.23								
T	39.029434000	-95.521391000	1050.2		270.4	1.0	33.792	399.72								
T	39.029462000	-95.526044000	1017.8		270.4	-2.5	34.042	1321.91								
T	39.029467000	-95.526344000	1020.1		271.2	2.7	34.058	85.25								
T	39.029467000	-95.526407000	1020.1		270.0	-0.1	34.062	17.90								
T	39.029470000	-95.526569000	1019.8		271.4	-0.5	34.070	46.04								
T	39.029498000	-95.526838000	1017.8		277.6	-2.6	34.085	77.10								
T	39.029537000	-95.527037000	1017.1		284.2	-1.3	34.096	58.29								
T	39.029585000	-95.527238000	1016.8		287.1	-0.5	34.107	59.72								
T	39.029648000	-95.527440000	1013.8		291.9	-4.8	34.119	61.80								
T	39.029722000	-95.527631000	1010.7		296.5	-5.1	34.130	60.59								
T	39.029798000	-95.527819000	1008.3		297.5	-4.0	34.142	60.16								
T	39.029853000	-95.527957000	1008.1		297.2	-0.5	34.150	44.03								
T	39.029985000	-95.528153000	1009.7		310.9	2.3	34.164	73.57								
T	39.030133000	-95.528352000	1006.3		313.8	-4.4	34.179	78.11								
T	39.030289000	-95.528528000	1004.1		318.8	-3.0	34.193	75.69								
T	39.030416000	-95.528648000	1007.0		323.7	5.1	34.204	57.46								
T	39.030594000	-95.528781000	1011.8		329.9	6.4	34.218	75.04								
T	39.030770000	-95.528909000	1010.0		330.5	-2.4	34.232	73.70								
T	39.030926000	-95.528997000	1007.9		336.3	-3.3	34.244	62.08								
T	39.031076000	-95.529071000	1006.2		339.0	-3.0	34.255	58.54								
T	39.031270000	-95.529150000	1002.5		342.4	-5.0	34.269	74.14								
T	39.031472000	-95.529197000	1001.3		349.8	-1.6	34.283	74.78								
T	39.031677000	-95.529235000	1003.3		351.8	2.6	34.298	75.44								
T	39.031833000	-95.529252000	1004.9		355.2	2.9	34.308	57.02								
T	39.032002000	-95.529257000	1006.2		358.7	2.0	34.320	61.57								
T	39.032585000	-95.529272000	1006.1		358.9	-0.0	34.360	212.39								
T	39.032928000	-95.529305000	1004.8		355.7	-1.0	34.384	125.28								
T	39.033200000	-95.529394000	1006.5		345.7	1.7	34.403	102.24								
T	39.033457000	-95.529510000	1005.7		340.7	-0.9	34.422	99.24								
T	39.033617000	-95.529602000	1003.5		335.9	-3.4	34.434	63.87								
T	39.033772000	-95.529706000	1000.9		332.5	-4.0	34.446	63.72								
T	39.033923000	-95.529826000	999.6		328.3	-2.1	34.459	64.71								
T	39.034065000	-95.529956000	999.6		324.6	0.1	34.471	63.55								
T	39.034324000	-95.530261000	1003.7		317.6	3.2	34.495	128.08								
T	39.034739000	-95.530749000	1010.2		317.6	3.1	34.534	205.10								
T	39.034871000	-95.530909000	1006.5		316.7	-5.5	34.546	66.16								
T	39.035032000	-95.531104000	1000.4		316.7	-7.6	34.561	80.67								
T	39.035142000	-95.531238000	999.0		316.6	-2.5	34.572	55.26								
T	39.035197000	-95.531305000	999.3		316.6	1.0	34.577	27.63								
T	39.035973000	-95.532246000	992.0		316.7	-1.9	34.651	389.02								
T	39.036391000	-95.532782000	977.7		315.1	-6.7	34.692	215.32								
T	39.036668000	-95.533136000	980.5		315.2	2.0	34.719	142.45								
T	39.036768000	-95.533257000	984.0		316.8	6.8	34.728	50.08								
T	39.037053000	-95.533601000	989.2		316.8	3.7	34.755	142.56								
T	39.037195000	-95.533781000	991.7		315.4	3.3	34.769	72.73								
T	39.037291000	-95.533902000	994.1		315.6	4.9	34.778	49.03								
T	39.037475000	-95.534117000	994.1		317.8	0.0	34.795	90.67								
T	39.037684000	-95.534339000	994.9		320.5	0.8	34.814	98.85								
T	39.038119000	-95.534768000	994.2		322.5	-0.4	34.852	199.88								
T	39.038345000	-95.534969000	996.6		325.4	2.4	34.871	100.18								
T	39.038579000	-95.535155000	988.5		328.3	-8.1	34.890	100.28								
T	39.038818000	-95.535324000	982.9		331.2	-5.6	34.909	99.41								
T	39.038823000	-95.535327000	982.8		335.0	-4.0	34.909	2.01								
T	39.039503000	-95.535821000	983.4		330.6	0.2	34.963	284.66								
T	39.040562000	-95.536528000	984.2		332.6	0.2	35.045	434.86								
T	39.040637000	-95.536581000	982.0		331.2	-6.9	35.051	31.19								
T	39.040928000	-95.536787000	978.8		331.2	-2.7	35.074	121.07								
T	39.041646000	-95.537297000	980.1		331.1	0.4	35.131	298.96								
T	39.041858000	-95.537473000	978.2		327.2	-2.0	35.148	91.99								
T	39.042060000	-95.537661000	969.3		324.1	-9.8	35.165	90.91								
T	39.042101000	-95.537704000	966.7		320.8	-13.5	35.169	19.29								
T	39.042255000	-95.537862000	957.4		321.5	-12.9	35.183	71.83								
T	39.042443000	-95.538075000	950.1		318.7	-8.0	35.200	91.37								
T	39.042528000	-95.538179000	947.7		316.5	-5.6	35.208	42.79								
T	39.042683000	-95.538382000	944.4		314.5	-4.1	35.223	80.70								
T	39.042829000	-95.538593000	941.4		311.7	-3.8	35.239	80.12								
T	39.042891000	-95.538682000	941.7		311.9	0.8	35.245	33.90								
T	39.043086000	-95.538996000	936.4		308.6	-4.6	35.267	114.01								
T	39.043265000	-95.539319000	929.0		305.5	-6.5	35.288	112.55								
T	39.043432000	-95.539659000	924.8		302.3	-3.7	35.310	114.13								
T	39.043582000	-95.540005000	914.8		299.2	-8.9	35.331	112.44								
T	39.043657000	-95.540209000	909.0		295.3	-9.1	35.343	64.06								
T	39.043726000	-95.540412000	904.4		293.6	-7.4	35.355	62.90								
T	39.043791000	-95.540622000	901.9		291.7	-4.0	35.367	64.17								
T	39.043849000	-95.540830000	905.0		289.7	5.0	35.379	62.74								
T	39.043902000	-95.541045000	905.5		287.6	0.8	35.391	64.05								
T	39.043949000	-95.541258000	902.4		285.9	-4.9	35.403	62.87								
T	39.043953000	-95.541277000	902.0		285.2	-6.7	35.404	5.59								
T	39.043990000	-95.541474000	898.8		283.6	-5.7	35.415	57.55								
T	39.044069000	-95.541970000	890.3		281.6	-5.9	35.442	143.79								
T	39.044102000	-95.542255000	890.2		278.5	-0.1	35.458	81.84								
T	39.044124000	-95.542538000	893.1		275.7	3.7	35.473	80.78								
T	39.044135000	-95.542823000	898.2		272.8	6.2	35.488	81.05								
T	39.044149000	-95.543249000	900.8		272.4	2.2	35.511	121.10								
T	39.044180000	-95.544188000	915.9		272.4	5.7	35.562	266.94								
T	39.044181000	-95.544568000	918.9		270.2	2.8	35.582	107.93								
T	39.044183000	-95.545336000	922.9		270.2	1.8	35.624	218.14								
T	39.044185000	-95.545760000	930.2		270.3	6.1	35.646	120.43								
T	39.044190000	-95.547312000	921.9		270.2	-1.9	35.730	440.82								
T	39.044191000	-95.547762000	922.7		270.2	0.6	35.754	127.81								
T	39.044211000	-95.549896000	962.3		270.7	6.5	35.869	606.16								
T	39.044216000	-95.550445000	961.1		270.7	-0.8	35.898	155.94								
T	39.044220000	-95.550911000	965.0		270.6	2.9	35.923	132.37								
T	39.044221000	-95.550994000	964.8		270.9	-0.8	35.928	23.58								
T	39.044221000	-95.551124000	964.4		270.0	-1.2	35.935	36.92								
T	39.044236000	-95.553601000	967.0		270.4	0.4	36.068	703.56								
T	39.044240000	-95.554473000	963.9		270.3	-1.2	36.115	247.68								
T	39.044245000	-95.555650000	976.6		270.3	3.8	36.178	334.31								
T	39.044251000	-95.557205000	935.6		270.3	-9.3	36.262	441.67								
T	39.044235000	-95.559783000	964.9		269.5	4.0	36.401	732.25								
T	39.044239000	-95.560195000	966.1		270.7	1.0	36.423	117.03								
T	39.044248000	-95.561320000	953.8		270.6	-3.9	36.483	319.55								
T	39.044279000	-95.564846000	955.7		270.6	0.2	36.673	1001.55								
T	39.044311000	-95.565010000	959.8		284.1	8.5	36.682	48.02								
T	39.044322000	-95.566420000	947.6		270.6	-3.0	36.758	400.50								
T	39.044321000	-95.566579000	944.9		269.5	-6.0	36.767	45.16								
T	39.044325000	-95.568875000	932.4		270.1	-1.9	36.890	652.13								
T	39.044268000	-95.569747000	936.3		265.2	1.6	36.937	248.54								
T	39.044249000	-95.571080000	934.3		268.9	-0.5	37.009	378.68								
T	39.044244000	-95.571427000	937.5		268.9	3.2	37.028	98.58								
T	39.044244000	-95.571735000	938.9		270.0	1.6	37.044	87.48								
T	39.044241000	-95.575179000	888.2		269.9	-5.2	37.229	978.20								
T	39.044236000	-95.576191000	891.8		269.6	1.2	37.284	287.44								
T	39.044230000	-95.577441000	914.2		269.6	6.3	37.351	355.04								
T	39.044237000	-95.579838000	928.2		270.2	2.1	37.480	680.83								
T	39.044237000	-95.580380000	934.6		270.0	4.2	37.509	153.94								
T	39.044237000	-95.582140000	951.4		270.0	3.4	37.604	499.89								
T	39.044240000	-95.582912000	956.0		270.3	2.1	37.645	219.27								
T	39.044242000	-95.583417000	953.6		270.3	-1.7	37.673	143.44								
T	39.044245000	-95.584373000	963.0		270.2	3.5	37.724	271.54								
T	39.044248000	-95.585356000	952.9		270.2	-3.6	37.777	279.20								
T	39.044252000	-95.586317000	945.9		270.3	-2.6	37.829	272.96								
T	39.044255000	-95.587249000	955.9		270.2	3.8	37.879	264.72								
T	39.044259000	-95.588314000	934.4		270.3	-7.1	37.936	302.50								
T	39.044261000	-95.588810000	925.7		270.3	-6.2	37.963	140.88								
T	39.044267000	-95.590602000	901.3		270.2	-4.8	38.059	508.99								
T	39.044273000	-95.592263000	906.3		270.3	1.1	38.148	471.78								
T	39.044277000	-95.593370000	921.1		270.3	4.7	38.208	314.42								
T	39.044279000	-95.593997000	935.1		270.2	7.9	38.242	178.09								
T	39.044282000	-95.594882000	930.7		270.3	-1.7	38.289	251.37								
T	39.044287000	-95.596187000	933.0		270.3	0.6	38.360	370.66								
T	39.044289000	-95.596644000	939.5		270.3	5.0	38.384	129.80								
T	39.044284000	-95.597574000	945.8		269.6	2.4	38.434	264.15								
T	39.044287000	-95.597972000	943.0		270.6	-2.4	38.456	113.05								
T	39.044287000	-95.598679000	947.5		270.0	2.2	38.494	200.81								
T	39.044287000	-95.599041000	940.3		270.0	-7.0	38.513	102.82								
T	39.044289000	-95.599354000	938.2		270.5	-2.3	38.530	88.90								
T	39.044299000	-95.599646000	939.6		272.5	1.6	38.546	83.02								
T	39.044300000	-95.600227000	938.3		270.1	-0.8	38.577	165.02								
T	39.044298000	-95.600811000	949.7		269.7	6.8	38.608	165.88								
T	39.044305000	-95.604037000	921.3		270.2	-3.1	38.782	916.28								
T	39.044311000	-95.604336000	923.5		271.5	2.6	38.798	84.95								
T	39.044318000	-95.604554000	924.7		272.4	2.0	38.810	61.97								
T	39.044318000	-95.605246000	937.4		270.0	6.5	38.847	196.55								
T	39.044301000	-95.605517000	942.6		265.4	6.7	38.861	77.22								
T	39.044299000	-95.605558000	943.3		266.4	6.0	38.864	11.67								
T	39.044296000	-95.608241000	958.4		269.9	2.0	39.008	762.05								
T	39.044295000	-95.608999000	958.5		269.9	0.0	39.049	215.30								
T	39.044295000	-95.609618000	948.3		270.0	-5.8	39.082	175.81								
T	39.044293000	-95.611200000	947.1		269.9	-0.3	39.167	449.34								
T	39.044288000	-95.612288000	955.1		269.7	2.6	39.226	309.03								
T	39.044273000	-95.612555000	957.0		265.9	2.5	39.240	76.03								
T	39.044272000	-95.613093000	959.7		269.9	1.8	39.269	152.81								
T	39.044271000	-95.613356000	963.1		269.7	4.6	39.283	74.70								
T	39.044288000	-95.613534000	967.8		277.0	9.1	39.293	50.94								
T	39.044304000	-95.613706000	970.6		276.8	5.8	39.302	49.20								
T	39.044305000	-95.614144000	969.8		270.2	-0.7	39.326	124.41								
T	39.044307000	-95.614311000	966.9		270.9	-6.0	39.335	47.44								
T	39.044307000	-95.614489000	964.5		270.0	-4.7	39.344	50.56								
T	39.044301000	-95.614569000	964.6		264.5	0.4	39.349	22.83								
T	39.044289000	-95.614816000	964.6		266.4	-0.1	39.362	70.29								
T	39.044290000	-95.616464000	926.4		270.0	-8.2	39.451	468.08								
T	39.044290000	-95.617125000	932.9		270.0	3.5	39.486	187.74								
T	39.044291000	-95.618108000	947.6		270.1	5.2	39.539	279.20								
T	39.044291000	-95.618421000	951.6		270.0	4.5	39.556	88.90								
T	39.044292000	-95.618574000	951.7		270.5	0.4	39.564	43.46								
T	39.044291000	-95.619101000	943.2		269.9	-5.7	39.592	149.68								
T	39.044287000	-95.619553000	938.9		269.3	-3.4	39.617	128.39								
T	39.044274000	-95.620391000	952.7		268.9	5.8	39.662	238.06								
T	39.044262000	-95.621000000	954.3		268.5	0.9	39.695	173.03								
T	39.044259000	-95.621639000	953.6		269.7	-0.4	39.729	181.50								
T	39.044259000	-95.621735000	954.4		270.0	3.0	39.734	27.27								
T	39.044260000	-95.621803000	955.2		271.1	4.1	39.738	19.32								
T	39.044260000	-95.622060000	957.8		270.0	3.5	39.752	73.00								
T	39.044240000	-95.622207000	958.8		260.1	2.3	39.760	42.38								
T	39.044240000	-95.622369000	964.1		270.0	11.5	39.768	46.01								
T	39.044241000	-95.622667000	974.1		270.2	11.9	39.784	84.64								
T	39.044258000	-95.622847000	976.9		276.9	5.4	39.794	51.50								
T	39.044275000	-95.623015000	974.9		277.4	-4.1	39.803	48.12								
T	39.044274000	-95.623421000	964.2		269.8	-9.2	39.825	115.32								
T	39.044254000	-95.623659000	957.6		263.8	-9.7	39.838	67.99								
T	39.044255000	-95.625768000	968.6		270.0	1.8	39.951	599.02								
T	39.044259000	-95.626347000	962.9		270.5	-3.5	39.983	164.46								
T	39.044256000	-95.626530000	960.7		268.8	-4.2	39.992	51.99								
T	39.044255000	-95.628035000	955.1		270.0	-1.3	40.073	427.47								
T	39.044249000	-95.629185000	941.2		269.6	-4.3	40.135	326.64								
T	39.044252000	-95.630346000	921.6		270.2	-5.9	40.198	329.76								
T	39.044253000	-95.630898000	914.1		270.1	-4.7	40.227	156.79								
T	39.044251000	-95.631512000	909.5		269.8	-2.6	40.260	174.40								
T	39.044249000	-95.632034000	914.4		269.7	3.3	40.289	148.27								
T	39.044249000	-95.632254000	915.1		270.0	1.0	40.300	62.49								
T	39.044248000	-95.632730000	911.1		269.8	-2.9	40.326	135.20								
T	39.044250000	-95.632963000	906.4		270.6	-7.1	40.339	66.18								
T	39.044247000	-95.633595000	899.0		269.7	-4.1	40.373	179.51								
T	39.044247000	-95.633644000	899.2		270.0	1.6	40.375	13.92								
T	39.044245000	-95.634042000	902.6		269.6	3.0	40.397	113.05								
T	39.044243000	-95.634389000	905.2		269.6	2.6	40.415	98.56								
T	39.044243000	-95.634517000	905.3		270.0	0.3	40.422	36.36								
T	39.044247000	-95.635020000	902.0		270.6	-2.3	40.449	142.87								
T	39.044247000	-95.635148000	900.5		270.0	-4.2	40.456	36.36								
T	39.044245000	-95.635318000	898.5		269.1	-4.2	40.465	48.29								
T	39.044245000	-95.635802000	894.8		270.0	-2.6	40.491	137.47								
T	39.044246000	-95.635866000	895.2		271.2	2.1	40.495	18.18								
T	39.044252000	-95.636194000	899.9		271.3	5.0	40.512	93.19								
T	39.044262000	-95.636755000	906.6		271.3	4.2	40.543	159.38								
T	39.044269000	-95.637370000	910.1		270.8	2.0	40.576	174.70								
T	39.044273000	-95.638537000	917.8		270.3	2.3	40.638	331.47								
T	39.044273000	-95.639696000	928.4		270.0	3.2	40.701	329.19								
T	39.044274000	-95.639832000	930.3		270.5	5.0	40.708	38.63								
T	39.044273000	-95.640858000	944.1		269.9	4.7	40.763	291.42								
T	39.044274000	-95.641365000	946.0		270.1	1.3	40.791	144.00								
T	39.044274000	-95.641539000	946.1		270.0	0.4	40.800	49.42								
T	39.044275000	-95.642291000	953.6		270.1	3.5	40.840	213.59								
T	39.044275000	-95.642317000	952.6		270.0	-12.5	40.842	7.38								
T	39.044273000	-95.643066000	940.8		269.8	-5.6	40.882	212.74								
T	39.044273000	-95.643068000	940.8		270.0	0.0	40.882	0.57								
T	39.044267000	-95.643136000	940.7		263.5	-0.7	40.886	19.44								
T	39.044256000	-95.643269000	940.4		263.9	-0.7	40.893	37.99								
T	39.044256000	-95.643683000	935.9		270.0	-3.9	40.915	117.59								
T	39.044270000	-95.643805000	933.1		278.4	-7.9	40.922	35.02								
T	39.044287000	-95.643925000	930.8		280.3	-6.6	40.928	34.64								
T	39.044288000	-95.644137000	931.1		270.3	0.5	40.940	60.22								
T	39.044270000	-95.644308000	934.9		262.3	7.8	40.949	49.01								
T	39.044277000	-95.644585000	940.4		271.9	6.9	40.964	78.72								
T	39.044283000	-95.644733000	942.9		273.0	6.1	40.972	42.09								
T	39.044304000	-95.644886000	937.8		280.0	-11.6	40.980	44.12								
T	39.044327000	-95.645006000	933.3		283.9	-12.9	40.987	35.10								
T	39.044353000	-95.645135000	926.9		284.5	-16.9	40.994	37.84								
T	39.044631000	-95.646178000	914.6		288.9	-3.9	41.053	313.07								
T	39.044785000	-95.646775000	911.3		288.4	-1.8	41.087	178.60								
T	39.044932000	-95.647347000	915.4		288.3	2.4	41.120	171.06								
T	39.045117000	-95.648050000	920.0		288.7	2.2	41.160	210.73								
T	39.045293000	-95.648721000	902.4		288.7	-8.7	41.198	201.07								
T	39.045470000	-95.649401000	893.4		288.5	-4.4	41.236	203.61								
T	39.045516000	-95.649578000	891.1		288.5	-4.4	41.246	52.99								
T	39.045635000	-95.650025000	891.3		288.9	0.2	41.272	134.15								
T	39.045804000	-95.650675000	907.9		288.5	8.6	41.309	194.61								
T	39.045960000	-95.651280000	918.4		288.4	5.8	41.343	180.98								
T	39.045983000	-95.651367000	918.0		288.8	-1.4	41.348	26.09								
T	39.046221000	-95.652281000	894.6		288.5	-8.5	41.400	273.69								
T	39.046243000	-95.652363000	894.9		289.1	1.0	41.404	24.63								
T	39.046507000	-95.653367000	892.8		288.7	-0.7	41.461	300.93								
T	39.046530000	-95.653454000	893.8		288.8	3.9	41.466	26.09								
T	39.046788000	-95.654453000	895.5		288.4	0.6	41.523	298.89								
T	39.046811000	-95.654536000	894.0		289.6	-6.0	41.528	25.02								
T	39.046836000	-95.654635000	892.0		288.0	-6.7	41.533	29.56								
T	39.047073000	-95.655544000	900.6		288.6	3.1	41.585	272.22								
T	39.047097000	-95.655635000	899.3		288.8	-4.8	41.590	27.28								
T	39.047118000	-95.655715000	897.9		288.7	-5.7	41.594	23.97								
T	39.047377000	-95.656705000	894.4		288.6	-1.2	41.651	296.58								
T	39.047662000	-95.657801000	891.9		288.5	-0.8	41.713	328.13								
T	39.047950000	-95.658911000	902.3		288.5	3.1	41.776	332.25								
T	39.048227000	-95.659982000	906.5		288.4	1.3	41.836	320.48								
T	39.048263000	-95.660119000	907.7		288.7	3.0	41.844	41.06								
T	39.048345000	-95.660265000	908.5		305.9	1.5	41.854	51.10								
T	39.048413000	-95.660474000	908.5		292.7	0.0	41.866	64.32								
T	39.048509000	-95.660817000	910.7		289.8	2.2	41.886	103.50								
T	39.048531000	-95.660903000	910.5		288.2	-0.8	41.890	25.71								
T	39.048575000	-95.661075000	909.2		288.2	-2.7	41.900	51.41								
T	39.048482000	-95.661170000	907.7		218.4	-3.3	41.908	43.31								
T	39.048402000	-95.661249000	906.8		217.5	-2.6	41.915	36.78								
T	39.048270000	-95.661323000	905.9		203.5	-1.6	41.925	52.47								
T	39.048081000	-95.661441000	906.0		205.9	0.1	41.940	76.56								
T	39.047810000	-95.661662000	902.9		212.3	-2.6	41.962	116.97								
T	39.047654000	-95.661755000	901.8		204.8	-1.9	41.974	62.66								
T	39.046980000	-95.662532000	905.9		221.8	1.3	42.036	330.10								
T	39.046345000	-95.663266000	894.8		221.9	-3.6	42.095	311.37								
T	39.045927000	-95.663748000	894.6		221.8	-0.1	42.134	204.74								
T	39.045531000	-95.664207000	898.6		222.0	2.1	42.171	194.42								
T	39.045213000	-95.664563000	899.4		221.0	0.5	42.200	153.75								
T	39.045035000	-95.664806000	895.7		226.7	-4.0	42.218	94.69								
T	39.044856000	-95.664966000	897.6		214.8	2.4	42.233	79.47								
T	39.044762000	-95.665042000	897.6		212.1	0.1	42.241	40.47								
T	39.044663000	-95.665113000	895.9		209.1	-4.3	42.249	41.31								
T	39.044469000	-95.665224000	893.1		204.0	-3.6	42.263	77.37								
T	39.044369000	-95.665279000	893.3		203.1	0.5	42.271	39.63								
T	39.044344000	-95.665287000	893.5		194.0	2.1	42.272	9.38								
T	39.044210000	-95.665334000	894.5		195.2	2.0	42.282	50.60								
T	39.044134000	-95.665360000	894.7		194.9	0.7	42.287	28.65								
T	39.044008000	-95.665404000	894.2		195.2	-1.1	42.296	47.56								
T	39.043693000	-95.665517000	894.8		195.6	0.6	42.319	119.14								
T	39.043339000	-95.665639000	908.2		195.0	10.0	42.344	133.51								
T	39.043165000	-95.665710000	913.6		197.6	8.1	42.357	66.51								
T	39.043078000	-95.665756000	915.1		202.3	4.4	42.363	34.28								
T	39.043001000	-95.665805000	915.5		206.3	1.1	42.369	31.31								
T	39.042918000	-95.665861000	915.4		207.7	-0.4	42.376	34.16								
T	39.042748000	-95.665922000	913.8		195.6	-2.4	42.388	64.30								
T	39.042132000	-95.666686000	901.8		223.9	-3.8	42.447	312.14								
T	39.042021000	-95.666811000	900.1		221.2	-3.3	42.457	53.81								
T	39.041892000	-95.666958000	898.8		221.5	-2.1	42.469	62.86								
T	39.041728000	-95.667088000	895.9		211.6	-4.0	42.483	70.22								
T	39.041597000	-95.667193000	893.1		211.9	-5.1	42.493	56.27								
T	39.041456000	-95.667277000	890.6		204.8	-4.4	42.504	56.63								
T	39.041333000	-95.667346000	889.4		203.5	-2.5	42.513	48.90								
T	39.041223000	-95.667395000	889.7		199.1	0.7	42.521	42.41								
T	39.040333000	-95.667751000	900.4		197.3	3.1	42.586	339.57								
T	39.040271000	-95.667777000	902.6		198.0	9.1	42.590	23.76								
T	39.039745000	-95.667983000	926.2		196.9	11.8	42.628	200.32								
T	39.037953000	-95.668692000	900.9		197.1	-3.7	42.757	683.06								
T	39.037303000	-95.668922000	897.2		195.4	-1.5	42.804	245.60								
T	39.037148000	-95.668960000	897.3		190.8	0.1	42.815	57.48								
T	39.036930000	-95.669047000	895.1		197.2	-2.6	42.830	83.16								
T	39.036900000	-95.669065000	894.6		205.0	-4.5	42.833	12.06								
T	39.036844000	-95.669095000	893.8		202.6	-3.7	42.837	22.11								
T	39.036784000	-95.669128000	893.0		203.1	-3.1	42.841	23.78								
T	39.036817000	-95.669305000	889.1		283.5	-7.6	42.851	51.70								
T	39.036829000	-95.669380000	887.3		281.6	-8.1	42.855	21.75								
T	39.036862000	-95.669616000	883.0		280.2	-6.4	42.868	68.11								
T	39.036879000	-95.669824000	880.8		276.0	-3.6	42.879	59.41								
T	39.036920000	-95.670122000	884.2		280.0	3.9	42.896	85.96								
T	39.036937000	-95.670229000	887.6		281.6	10.9	42.902	31.02								
T	39.036979000	-95.670505000	896.8		281.1	11.6	42.917	79.88								
T	39.036985000	-95.670578000	899.0		276.0	10.4	42.921	20.85								
T	39.036991000	-95.670652000	900.7		276.0	7.9	42.925	21.13								
T	39.036995000	-95.670741000	902.7		273.3	8.1	42.930	25.32								
T	39.037042000	-95.670860000	904.9		297.0	5.7	42.937	37.89								
T	39.037124000	-95.671267000	913.9		284.5	7.6	42.959	119.41								
T	39.037146000	-95.671417000	916.8		280.7	6.7	42.968	43.36								
T	39.037253000	-95.671887000	913.0		286.3	-2.8	42.994	139.08								
T	39.037516000	-95.672948000	913.7		287.7	0.2	43.054	316.24								
T	39.037633000	-95.673380000	919.6		289.2	4.5	43.078	129.90								
T	39.037653000	-95.673454000	920.4		289.2	3.4	43.083	22.25								
T	39.037895000	-95.674316000	915.4		289.9	-1.9	43.132	260.24								
T	39.038100000	-95.675036000	908.8		290.1	-3.0	43.173	217.72								
T	39.038138000	-95.675183000	908.8		288.4	0.0	43.181	43.99								
T	39.038337000	-95.675887000	897.6		290.0	-5.2	43.222	212.70								
T	39.038268000	-95.675943000	899.8		212.2	7.1	43.227	29.74								
T	39.037843000	-95.676128000	916.5		198.7	10.3	43.258	163.47								
T	39.037769000	-95.676159000	919.2		198.0	9.5	43.264	28.35								

